# CCATi boundary location file: time bndnum yvalue zvalue
2011-10-01/05:00:00       1      33.6376      71.0000
2011-10-01/05:29:00       2      31.1610      42.0000
2011-10-01/05:35:18       3      21.2592      36.0000
2011-10-01/05:45:00       4      21.2592      102.000
2011-10-01/05:57:08       5      21.2592      42.0000
2011-10-01/07:10:20       6      16.9008      152.000
2011-10-02/05:18:31       1      663.954      185.000
2011-10-02/05:42:10       2      180.932      2.00000
2011-10-02/06:04:32       5      143.838      4.00000
2011-10-02/06:29:51       6      133.248      17.0000
2011-10-03/05:24:41       1      167.611      158.000
2011-10-03/05:43:59       2      114.350      9.00000
2011-10-03/06:01:40       5      155.270      6.00000
2011-10-03/06:36:49       6      265.204      9.00000
2011-10-04/05:29:49       1      84.2137      69.0000
2011-10-04/05:46:09       2      114.350      3.00000
2011-10-04/06:08:08       5      22.9488      39.0000
2011-10-04/06:49:31       6      78.0135      16.0000
2011-10-06/05:30:31       1      227.590      59.0000
2011-10-06/05:55:58       2      309.034      95.0000
2011-10-06/06:05:33       5      360.108      43.0000
2011-10-07/05:36:51       1      265.204     0.000000
2011-10-07/05:56:20       2      180.932      3.00000
2011-10-07/06:02:10       3      114.350      1.00000
2011-10-07/06:05:51       4      114.350      1.00000
2011-10-07/06:12:00       5      114.350     0.000000
2011-10-07/06:56:29       6      123.438      7.00000
2011-10-08/05:37:08       1      123.438      19.0000
2011-10-08/05:56:29       2      133.248      1.00000
2011-10-08/06:21:40       5      388.728      23.0000
2011-10-10/05:32:39       1      66.9489      159.000
2011-10-10/06:06:28       2      98.1317      2.00000
2011-10-11/05:47:32       1      333.595      96.0000
2011-10-11/06:00:28       2      265.204      70.0000
2011-10-11/06:32:49       5      360.108      18.0000
2011-10-11/07:43:08       6      78.0135      28.0000
2011-10-12/06:18:07       1      5320.00     0.000000
2011-10-12/05:48:31       2      84.2137      181.000
2011-10-12/06:07:08       3      527.835     0.000000
2011-10-12/06:41:10       6      90.9067      28.0000
2011-10-12/07:29:59       7      84.2137      31.0000
2011-10-13/05:58:12       1      227.590      215.000
2011-10-13/06:10:51       2      227.590      140.000
2011-10-13/06:13:36       3      210.834      74.0000
2011-10-13/06:19:30       4      210.834      103.000
2011-10-13/06:33:01       5      195.311      128.000
2011-10-14/05:58:59       1      180.932      7.00000
2011-10-14/06:13:51       2      155.270      12.0000
2011-10-14/06:26:19       5      210.834      6.00000
2011-10-14/07:52:51       6      133.248      21.0000
2011-10-15/06:03:11       1      210.834      62.0000
2011-10-15/06:14:59       2      114.350      8.00000
2011-10-15/06:30:19       5      26.7415      42.0000
2011-10-15/07:46:41       6      78.0135      22.0000
2011-10-16/06:04:29       1      265.204      29.0000
2011-10-16/06:20:58       2      245.678      8.00000
2011-10-17/05:45:51       1      114.350      8.00000
2011-10-17/06:20:49       2      360.108      103.000
2011-10-17/06:25:47       3      360.108      65.0000
2011-10-17/06:29:48       4      333.595      82.0000
2011-10-18/06:05:29       1      488.974      9.00000
2011-10-18/06:21:01       2      716.723     0.000000
2011-10-18/06:24:10       3      286.282     0.000000
2011-10-18/06:32:20       4      286.282      1.00000
2011-10-18/07:00:40       5      66.9489      22.0000
2011-10-19/06:13:54       1      98.1317      11.0000
2011-10-19/06:22:20       2      114.350      15.0000
2011-10-19/06:47:59       5      245.678      19.0000
2011-10-20/06:13:28       1      286.282      95.0000
2011-10-20/06:28:28       2      195.311      3.00000
2011-10-20/06:31:00       3      195.311      2.00000
2011-10-20/06:38:51       4      180.932      2.00000
2011-10-20/07:06:38       5      98.1317      4.00000
2011-10-21/06:14:38       1      133.248      8.00000
2011-10-21/06:30:30       2      105.931      20.0000
2011-10-21/06:34:11       3      114.350     0.000000
2011-10-21/06:39:29       4      105.931      4.00000
2011-10-22/06:24:19       1      360.108      1.00000
2011-10-22/06:34:38       2      333.595      3.00000
2011-10-22/06:36:30       3      333.595      3.00000
2011-10-22/06:43:20       4      333.595     0.000000
2011-10-22/07:45:58       5      114.350      5.00000
2011-10-22/08:16:50       6      105.931      16.0000
2011-10-23/06:25:07       1      265.204      5.00000
2011-10-23/06:39:11       2      180.932      2.00000
2011-10-23/06:41:52       3      133.248      1.00000
2011-10-23/06:44:57       4      133.248      1.00000
2011-10-23/06:54:31       5      143.838     0.000000
2011-10-23/08:24:29       6      155.270      6.00000
2011-10-24/06:28:31       1      286.282      641.000
2011-10-24/06:40:18       2      309.034      153.000
2011-10-24/06:42:59       3      452.973      53.0000
2011-10-24/06:47:48       4      615.070      4.00000
2011-10-24/07:53:11       5      419.623      73.0000
2011-10-24/08:20:58       6      419.623      161.000
2011-10-25/06:32:28       1      114.350      50.0000
2011-10-25/06:40:50       2      133.248      9.00000
2011-10-25/07:19:21       5      114.350      28.0000
2011-10-26/06:54:27       1      3418.90 1.43927e-018
2011-10-26/06:35:20       2      195.311      240.000
2011-10-26/06:45:39       3      210.834      157.000
2011-10-26/07:19:28       6      388.728      20.0000
2011-10-26/08:31:00       7      488.974      158.000
2011-10-27/06:35:11       1      973.203      1.00000
2011-10-27/07:27:09       5      210.834      4.00000
2011-10-28/06:37:42       1      388.728      296.000
2011-10-28/06:49:21       2      488.974      42.0000
2011-10-28/06:54:39       3      488.974      18.0000
2011-10-28/06:59:40       4      527.835      21.0000
2011-10-28/07:43:20       5      452.973      96.0000
2011-10-29/06:41:20       1      180.932      85.0000
2011-10-29/06:54:00       2      180.932      6.00000
2011-10-29/06:55:20       3      180.932      5.00000
2011-10-29/07:00:50       4      227.590      1.00000
2011-10-30/06:41:43       1      210.834      11.0000
2011-10-30/06:55:19       2      210.834      3.00000
2011-10-30/06:59:48       3      227.590     0.000000
2011-10-30/07:03:50       4      265.204      1.00000
