# CCATi boundary location file: time bndnum yvalue zvalue
2013-02-01/05:24:20       1      42.3121      216.000
2013-02-01/05:34:39       2      53.2236      75.0000
2013-02-01/05:36:51       3      57.4536      3.00000
2013-02-01/05:46:30       4      78.0135      6.00000
2013-02-01/06:39:58       5      286.282      10.0000
2013-02-02/05:22:50       1      227.590     0.000000
2013-02-02/05:38:39       2      227.590      2.00000
2013-02-02/05:42:20       3      210.834     0.000000
2013-02-02/05:47:21       4      195.311      1.00000
2013-02-02/06:44:10       5      155.270      2.00000
2013-02-04/05:29:39       1      488.974      770.000
2013-02-04/05:37:41       2      452.973      102.000
2013-02-04/05:43:11       3      488.974      41.0000
2013-02-04/05:48:28       4      452.973      23.0000
2013-02-04/06:41:12       5      388.728      2.00000
2013-02-05/05:29:11       1      227.590      5.00000
2013-02-05/05:38:41       2      309.034      3.00000
2013-02-05/05:40:18       3      309.034     0.000000
2013-02-05/05:44:27       4      360.108      1.00000
2013-02-06/05:25:40       1      227.590      64.0000
2013-02-06/05:36:23       2      265.204      80.0000
2013-02-06/05:38:56       3      309.034      116.000
2013-02-06/05:44:38       4      360.108      31.0000
2013-02-07/05:24:08       1      286.282     0.000000
2013-02-07/05:37:08       2      388.728      1.00000
2013-02-07/05:39:00       3      133.248      1.00000
2013-02-07/05:43:21       4      143.838     0.000000
2013-02-08/05:23:30       1      33.6376      193.000
2013-02-08/05:33:09       2      42.3121      428.000
2013-02-08/05:35:50       3      663.954      1.00000
2013-02-08/05:41:11       4      527.835      13.0000
2013-02-09/05:25:59       1      143.838      70.0000
2013-02-09/05:31:49       2      195.311      11.0000
2013-02-09/05:34:41       3      227.590      2.00000
2013-02-09/05:40:11       4      245.678     0.000000
2013-02-10/05:21:21       1      452.973      2.00000
2013-02-10/05:31:28       2      527.835     0.000000
2013-02-10/05:33:49       3      488.974     0.000000
2013-02-10/05:38:22       4      569.786     0.000000
2013-02-10/06:33:02       5      973.203     0.000000
2013-02-11/05:21:58       1      360.108      545.000
2013-02-11/05:32:49       2      488.974      139.000
2013-02-11/06:40:21       5      388.728      47.0000
2013-02-12/05:20:39       1      133.248      22.0000
2013-02-12/05:29:29       2      167.611      19.0000
2013-02-12/05:33:10       3      114.350      1.00000
2013-02-12/05:36:19       4      114.350      6.00000
2013-02-12/06:30:59       5      49.3050      16.0000
2013-02-13/05:18:08       1      452.973      99.0000
2013-02-13/05:27:59       2      419.623      160.000
2013-02-13/05:31:32       3      419.623      9.00000
2013-02-13/05:36:09       4      488.974      5.00000
2013-02-13/06:43:01       5      19.6940      53.0000
2013-02-14/05:19:46       1      615.070     0.000000
2013-02-14/05:28:41       2      569.786     0.000000
2013-02-14/05:30:58       3      569.786     0.000000
2013-02-14/06:29:03       5      72.2698      7.00000
2013-02-15/05:15:30       1      309.034      100.000
2013-02-15/05:26:33       2      333.595      91.0000
2013-02-15/05:29:30       3      333.595      58.0000
2013-02-15/05:34:51       4      333.595      77.0000
2013-02-16/05:16:02       1      167.611      20.0000
2013-02-16/05:24:49       2      180.932      9.00000
2013-02-16/05:27:49       3      180.932      1.00000
2013-02-16/05:33:19       4      210.834     0.000000
2013-02-17/05:18:30       1      333.595      1.00000
2013-02-17/05:24:28       2      419.623     0.000000
2013-02-17/05:26:52       3      452.973     0.000000
2013-02-17/05:31:10       4      488.974      1.00000
2013-02-17/06:28:18       5      388.728      1.00000
2013-02-18/05:12:41       1      227.590      55.0000
2013-02-18/05:25:08       2      210.834      81.0000
2013-02-18/05:27:29       3      227.590      145.000
2013-02-18/05:30:58       4      245.678      102.000
2013-02-19/05:13:39       1      210.834      32.0000
2013-02-19/05:22:49       2      245.678      6.00000
2013-02-19/05:25:30       3      227.590     0.000000
2013-02-19/05:30:11       4      227.590      2.00000
2013-02-19/06:14:28       5      227.590      4.00000
2013-02-20/05:12:41       1      155.270      8.00000
2013-02-20/05:19:31       2      143.838      19.0000
2013-02-20/05:24:21       3      195.311      40.0000
2013-02-20/05:29:18       4      265.204      77.0000
2013-02-21/05:08:39       1      167.611      2.00000
2013-02-21/05:20:51       2      195.311     0.000000
2013-02-21/05:22:19       3      210.834     0.000000
2013-02-21/05:28:01       4      227.590     0.000000
2013-02-21/06:19:08       5      98.1317      4.00000
2013-02-22/05:04:36       1      265.204      83.0000
2013-02-22/05:19:00       2      245.678      85.0000
2013-02-22/05:20:48       3      265.204      136.000
2013-02-22/05:27:06       4      333.595      31.0000
2013-02-22/06:11:59       5      90.9067      2.00000
2013-02-23/05:07:48       1      143.838      26.0000
2013-02-23/05:16:43       2      143.838      10.0000
2013-02-23/05:18:31       3      143.838      1.00000
2013-02-23/05:26:09       4      143.838      4.00000
2013-02-23/06:10:30       5      72.2698      7.00000
2013-02-25/05:02:09       1      663.954      1069.00
2013-02-25/05:12:20       2      419.623      177.000
2013-02-25/05:16:33       3      419.623      32.0000
2013-02-25/05:19:58       4      452.973      53.0000
2013-02-25/05:59:50       5      452.973      21.0000
2013-02-26/04:58:29       1      84.2137      62.0000
2013-02-26/05:11:41       2      98.1317      4.00000
2013-02-26/05:12:29       3      98.1317      1.00000
2013-02-26/05:16:10       4      105.931      1.00000
2013-02-26/05:59:39       5      123.438      1.00000
2013-02-27/04:55:41       1      360.108      149.000
2013-02-27/05:04:48       2      419.623      68.0000
2013-02-27/05:06:28       3      488.974      30.0000
2013-02-27/05:14:38       4      527.835      15.0000
