# CCATi boundary location file: time bndnum yvalue zvalue
2013-06-01/03:19:50       1      114.350      10.0000
2013-06-01/04:11:01       2      105.931      6.00000
2013-06-01/04:59:19       5      167.611      7.00000
2013-06-01/05:10:31       6      180.932      3.00000
2013-06-02/03:34:11       1      28.8668      772.000
2013-06-02/04:11:30       2      36.3110      26.0000
2013-06-02/05:01:21       5      527.835     0.000000
2013-06-02/05:11:31       6      527.835      20.0000
2013-06-03/03:19:49       1      227.590      4.00000
2013-06-03/04:17:30       2      333.595      4.00000
2013-06-03/05:02:31       5      227.590      7.00000
2013-06-03/05:16:48       6      265.204      6.00000
2013-06-04/03:26:59       1      72.2698      298.000
2013-06-04/04:22:48       2      42.3121      15.0000
2013-06-04/05:01:31       5      98.1317      5.00000
2013-06-04/05:13:39       6      123.438      955.000
2013-06-05/03:27:30       1      180.932      32.0000
2013-06-05/04:22:11       2      114.350      15.0000
2013-06-05/05:03:59       5      286.282      3.00000
2013-06-05/05:16:18       6      286.282      10.0000
2013-06-06/03:42:11       1      155.270      5.00000
2013-06-06/04:23:39       2      105.931      2.00000
2013-06-06/05:03:59       5      227.590      2.00000
2013-06-06/05:14:26       6      309.034      2.00000
2013-06-07/03:28:21       1      286.282      6.00000
2013-06-07/04:28:11       2      333.595      2.00000
2013-06-07/05:06:50       5      62.0198      32.0000
2013-06-07/05:18:10       6      66.9489      140.000
2013-06-08/03:26:18       1      98.1317      32.0000
2013-06-08/04:26:39       2      90.9067      20.0000
2013-06-08/05:08:27       5      195.311      9.00000
2013-06-08/05:19:58       6      210.834      206.000
2013-06-09/03:25:00       1      265.204      6.00000
2013-06-09/04:29:11       2      527.835     0.000000
2013-06-09/05:10:19       5      167.611      15.0000
2013-06-10/03:49:10       1      227.590      1.00000
2013-06-10/04:33:40       2      286.282     0.000000
2013-06-10/05:09:18       5      210.834      3.00000
2013-06-10/05:22:10       6      309.034      100.000
2013-06-11/04:26:28       2      33.6376      15.0000
2013-06-11/05:10:33       5      227.590     0.000000
2013-06-11/05:23:40       6      419.623      1.00000
2013-06-12/04:28:30       2      488.974     0.000000
2013-06-12/05:13:51       5      210.834      3.00000
2013-06-12/05:26:19       6      265.204      1.00000
2013-06-14/03:37:21       1      105.931      3.00000
2013-06-14/04:31:30       2      133.248      1.00000
2013-06-14/05:19:52       5      98.1317      182.000
2013-06-15/04:30:31       2      28.8668      37.0000
2013-06-15/05:18:21       5      49.3050      5.00000
2013-06-15/05:34:38       6      155.270      8.00000
2013-06-16/03:51:10       1      105.931      20.0000
2013-06-16/04:36:20       2      98.1317      1.00000
2013-06-16/05:20:16       5      227.590      1.00000
2013-06-16/05:30:59       6      309.034      10.0000
2013-06-17/04:02:31       1      195.311      12.0000
2013-06-17/04:54:11       2      265.204      7.00000
2013-06-17/05:19:58       5      569.786      1.00000
2013-06-17/05:32:18       6      569.786      6.00000
2013-06-18/03:37:59       1      245.678      1.00000
2013-06-18/04:48:28       2      195.311      5.00000
2013-06-18/05:21:30       5      245.678      9.00000
2013-06-18/05:34:29       6      195.311      38.0000
2013-06-19/04:46:01       2      98.1317      7.00000
2013-06-19/05:21:51       5      114.350      4.00000
2013-06-19/05:35:31       6      286.282      7.00000
2013-06-20/03:55:21       1      195.311     0.000000
2013-06-20/04:43:23       2      105.931      1.00000
2013-06-20/05:24:31       5      180.932      1.00000
2013-06-20/05:35:59       6      155.270      65.0000
2013-06-21/03:52:29       1      973.203      2.00000
2013-06-21/04:50:30       2      488.974      1.00000
2013-06-21/05:28:18       5      90.9067      33.0000
2013-06-21/05:39:17       6      98.1317      163.000
2013-06-22/04:05:19       1      143.838      20.0000
2013-06-22/04:53:09       2      195.311      2.00000
2013-06-22/05:28:48       5      227.590      6.00000
2013-06-22/05:38:10       6      227.590      8.00000
2013-06-23/04:03:19       1      114.350      6.00000
2013-06-23/04:54:30       2      78.0135      3.00000
2013-06-23/05:30:09       5      245.678      4.00000
2013-06-23/05:39:07       6      227.590      2.00000
2013-06-24/04:07:11       1      84.2137      9.00000
2013-06-24/04:55:09       2      42.3121      15.0000
2013-06-24/05:33:08       5      53.2236      14.0000
2013-06-24/05:39:58       6      66.9489      35.0000
2013-06-25/04:05:40       1      155.270      29.0000
2013-06-25/04:58:08       2      155.270      1.00000
2013-06-25/05:32:50       5      98.1317      6.00000
2013-06-25/05:43:29       6      114.350      90.0000
2013-06-26/04:14:07       1      105.931      10.0000
2013-06-26/05:00:53       2      98.1317      2.00000
2013-06-26/05:35:19       5      72.2698      71.0000
2013-06-26/05:43:37       6      114.350      35.0000
2013-06-29/04:22:20       1      90.9067      25.0000
2013-06-29/05:07:21       2      72.2698      11.0000
2013-06-29/05:36:01       5      66.9489      27.0000
2013-06-29/05:49:01       6      90.9067      63.0000
