# CCATi boundary location file: time bndnum yvalue zvalue
2011-06-01/01:39:49       1      716.723      276.000
2011-06-01/01:56:29       2      309.034      11.0000
2011-06-01/02:01:43       3      286.282      35.0000
2011-06-01/02:08:29       4      265.204      52.0000
2011-06-01/02:17:31       5      245.678      29.0000
2011-06-01/02:36:57       6      195.311      36.0000
2011-06-02/01:32:22       1      195.311      39.0000
2011-06-02/01:55:00       2      133.248      1.00000
2011-06-02/02:00:58       3      133.248     0.000000
2011-06-02/02:06:48       4      143.838      1.00000
2011-06-02/02:13:38       5      123.438      7.00000
2011-06-02/02:39:01       6      180.932      9.00000
2011-06-03/01:34:31       1      488.974      718.000
2011-06-03/01:54:20       2      360.108      71.0000
2011-06-03/02:00:38       3      333.595      57.0000
2011-06-03/02:06:08       4      333.595      41.0000
2011-06-03/02:13:50       5      265.204      103.000
2011-06-03/02:34:08       6      245.678      224.000
2011-06-04/01:21:46       1      24.7727      405.000
2011-06-04/01:54:08       2      45.6749      16.0000
2011-06-04/01:58:29       3      57.4536      3.00000
2011-06-04/02:03:18       4      39.1969      30.0000
2011-06-04/02:07:08       5      39.1969      157.000
2011-06-04/02:43:30       6      72.2698      131.000
2011-06-05/01:19:31       1      569.786      96.0000
2011-06-05/01:44:11       2      569.786      44.0000
2011-06-05/02:09:59       5      360.108      54.0000
2011-06-05/02:33:41       6      360.108      67.0000
2011-06-06/01:23:08       1      452.973      32.0000
2011-06-06/01:44:51       2      569.786      16.0000
2011-06-06/02:08:50       5      360.108      39.0000
2011-06-06/02:28:40       6      286.282      39.0000
2011-06-07/01:13:03       1      245.678      19.0000
2011-06-07/01:45:28       2      66.9489      8.00000
2011-06-07/02:11:09       5      90.9067      6.00000
2011-06-07/02:32:47       6      98.1317      16.0000
2011-06-08/01:19:29       1      195.311      52.0000
2011-06-08/01:54:28       2      66.9489      16.0000
2011-06-08/02:00:41       3      62.0198     0.000000
2011-06-08/02:04:39       4      39.1969      3.00000
2011-06-08/02:14:30       5      105.931      18.0000
2011-06-08/02:32:19       6      180.932      2.00000
2011-06-09/01:22:40       1      309.034      21.0000
2011-06-09/01:57:51       2      123.438      7.00000
2011-06-09/02:14:00       5      388.728      63.0000
2011-06-09/02:33:58       6      333.595      54.0000
2011-06-10/01:21:00       1      227.590      2.00000
2011-06-10/01:57:27       2      72.2698      8.00000
2011-06-10/02:04:33       3      78.0135     0.000000
2011-06-10/02:08:59       4      66.9489     0.000000
2011-06-10/02:13:08       5      78.0135      1.00000
2011-06-10/02:29:36       6      90.9067      94.0000
2011-06-11/01:28:31       1      388.728      46.0000
2011-06-11/01:57:39       2      360.108      24.0000
2011-06-11/02:20:10       5      265.204      9.00000
2011-06-11/02:36:02       6      210.834      1.00000
2011-06-12/01:26:01       1      143.838      25.0000
2011-06-12/01:57:02       2      90.9067      3.00000
2011-06-12/02:21:21       5      452.973      119.000
2011-06-12/02:39:46       6      265.204      11.0000
2011-06-13/01:34:30       1      360.108      4.00000
2011-06-13/02:06:39       2      105.931      8.00000
2011-06-13/02:19:59       5      265.204      1.00000
2011-06-13/02:36:00       6      286.282      4.00000
2011-06-14/01:31:09       1      286.282      92.0000
2011-06-14/02:03:18       2      155.270      4.00000
2011-06-14/02:22:28       5      155.270      7.00000
2011-06-14/02:40:21       6      210.834      37.0000
2011-06-15/01:27:59       1      155.270      13.0000
2011-06-15/01:56:59       2      155.270      2.00000
2011-06-15/02:09:39       3      98.1317      6.00000
2011-06-15/02:21:59       4      78.0135      4.00000
2011-06-15/02:28:36       5      78.0135      74.0000
2011-06-15/02:38:47       6      78.0135      59.0000
2011-06-16/01:29:29       1      227.590      165.000
2011-06-16/02:09:21       2      155.270     0.000000
2011-06-16/02:15:51       3      123.438     0.000000
2011-06-16/02:22:12       4      114.350      1.00000
2011-06-16/02:28:10       5      114.350     0.000000
2011-06-16/02:47:24       6      133.248      5.00000
2011-06-17/01:20:01       1      105.931      58.0000
2011-06-17/02:12:20       2      42.3121      33.0000
2011-06-17/02:28:40       5      90.9067      23.0000
2011-06-17/02:45:09       6      114.350      30.0000
2011-06-18/01:21:01       1      114.350      1.00000
2011-06-18/02:12:28       2      53.2236      44.0000
2011-06-18/02:15:49       3      36.3110      50.0000
2011-06-18/02:25:00       4      39.1969      5.00000
2011-06-18/02:31:49       5      72.2698      53.0000
2011-06-18/02:44:21       6      78.0135      29.0000
2011-06-19/01:24:10       1      360.108     0.000000
2011-06-19/02:06:18       2      133.248      3.00000
2011-06-19/02:12:20       3      123.438      5.00000
2011-06-19/02:21:59       4      98.1317      2.00000
2011-06-19/02:32:09       5      123.438      4.00000
2011-06-19/02:46:01       6      133.248      75.0000
2011-06-20/01:27:51       1      419.623      411.000
2011-06-20/02:12:08       2      133.248      3.00000
2011-06-20/02:21:58       3      180.932      14.0000
2011-06-20/02:31:37       4      180.932     0.000000
2011-06-20/02:34:38       5      210.834      8.00000
2011-06-20/02:45:49       6      245.678      40.0000
2011-06-21/01:34:40       1      155.270      5.00000
2011-06-21/02:12:00       2      180.932      3.00000
2011-06-21/02:34:38       5      78.0135      1.00000
2011-06-21/02:47:38       6      123.438      9.00000
2011-06-22/01:27:39       1      210.834      13.0000
2011-06-22/02:15:41       2      133.248      7.00000
2011-06-22/02:37:39       5      155.270      4.00000
2011-06-22/02:53:08       6      180.932      17.0000
2011-06-23/01:24:10       1      105.931      17.0000
2011-06-23/02:09:31       2      57.4536      7.00000
2011-06-23/02:37:11       5      265.204     0.000000
2011-06-23/02:51:59       6      286.282      14.0000
2011-06-24/01:33:31       1      419.623      62.0000
2011-06-24/02:18:49       2      105.931      10.0000
2011-06-24/02:28:23       3      180.932      11.0000
2011-06-24/02:37:30       4      155.270      1.00000
2011-06-24/02:41:51       5      210.834      9.00000
2011-06-24/02:53:39       6      167.611      12.0000
2011-06-25/01:32:40       1      227.590      9.00000
2011-06-25/02:21:31       2      155.270      4.00000
2011-06-25/02:43:29       5      72.2698      11.0000
2011-06-25/02:57:08       6      123.438      22.0000
2011-06-26/01:30:40       1      227.590      1.00000
2011-06-26/02:21:30       2      72.2698      7.00000
2011-06-26/02:33:06       3      114.350      1.00000
2011-06-26/02:39:20       4      90.9067     0.000000
2011-06-26/02:45:33       5      98.1317      15.0000
2011-06-26/02:58:17       6      105.931      68.0000
2011-06-27/01:18:49       1      133.248      9.00000
2011-06-27/02:16:50       2      28.8668      24.0000
2011-06-27/02:36:52       3      180.932      1.00000
2011-06-27/02:42:37       4      123.438     0.000000
2011-06-27/02:47:51       5      143.838      2.00000
2011-06-27/03:01:11       6      155.270      6.00000
2011-06-28/01:30:28       1      98.1317      6.00000
2011-06-28/02:08:39       2      90.9067      3.00000
2011-06-28/02:36:51       3      84.2137     0.000000
2011-06-28/02:46:46       4      84.2137      1.00000
2011-06-28/02:52:07       5      105.931      14.0000
2011-06-28/03:04:51       6      123.438      6.00000
2011-06-29/01:24:31       1      180.932      26.0000
2011-06-29/02:26:09       2      84.2137      5.00000
2011-06-29/02:41:58       3      72.2698     0.000000
2011-06-29/02:48:28       4      98.1317      1.00000
2011-06-29/02:54:50       5      105.931      7.00000
2011-06-29/03:07:49       6      78.0135      60.0000
2011-06-30/01:31:00       1      78.0135      32.0000
2011-06-30/02:27:48       2      49.3050      25.0000
2011-06-30/02:43:09       3      78.0135      16.0000
2011-06-30/02:49:39       4      62.0198      11.0000
2011-06-30/02:55:08       5      57.4536      91.0000
2011-06-30/03:08:48       6      72.2698      375.000

