# CCATi boundary location file: time bndnum yvalue zvalue
2011-11-01/06:46:39       1      123.438      25.0000
2011-11-01/07:03:08       2      84.2137      13.0000
2011-11-01/07:05:09       3      84.2137      15.0000
2011-11-01/07:08:46       4      78.0135      6.00000
2011-11-01/07:52:10       5      72.2698      10.0000
2011-11-02/06:48:29       1      210.834      240.000
2011-11-02/07:03:58       2      180.932      17.0000
2011-11-02/07:52:48       5      286.282     0.000000
2011-11-03/06:44:57       1      309.034      19.0000
2011-11-03/07:00:49       2      265.204      4.00000
2011-11-03/07:09:12       3      167.611     0.000000
2011-11-03/07:13:21       4      167.611      1.00000
2011-11-03/07:58:49       5      155.270      2.00000
2011-11-04/06:52:30       1      245.678      76.0000
2011-11-04/07:05:22       2      167.611      20.0000
2011-11-04/07:09:31       3      133.248      2.00000
2011-11-04/07:16:58       4      114.350      3.00000
2011-11-05/06:59:28       1      155.270      145.000
2011-11-05/07:11:48       2      155.270      98.0000
2011-11-05/08:05:07       5      227.590      28.0000
2011-11-07/07:04:11       1      333.595      69.0000
2011-11-07/07:15:58       2      227.590      26.0000
2011-11-07/07:18:23       3      419.623      51.0000
2011-11-07/07:24:09       4      388.728      29.0000
2011-11-07/08:13:51       5      286.282      3.00000
2011-11-08/07:05:58       1      245.678      5.00000
2011-11-08/07:16:09       2      286.282      1.00000
2011-11-08/07:20:18       3      245.678      1.00000
2011-11-08/07:25:48       4      265.204     0.000000
2011-11-08/08:23:40       5      133.248      1.00000
2011-11-09/07:09:59       1      488.974      300.000
2011-11-09/07:19:06       2      333.595      132.000
2011-11-09/07:22:51       3      569.786      14.0000
2011-11-09/07:29:29       4      615.070      2.00000
2011-11-09/08:26:21       5      195.311      14.0000
2011-11-10/07:15:23       1      155.270      5.00000
2011-11-10/07:23:50       2      133.248      7.00000
2011-11-10/07:25:50       3      123.438      1.00000
2011-11-10/07:30:48       4      123.438      3.00000
2011-11-10/08:28:40       5      245.678      3.00000
2011-11-11/07:14:19       1      286.282      135.000
2011-11-11/07:26:30       2      167.611      24.0000
2011-11-11/07:29:43       3      388.728      60.0000
2011-11-11/07:34:33       4      419.623      40.0000
2011-11-11/08:31:53       5      309.034      75.0000
2011-11-12/07:17:28       1      167.611      193.000
2011-11-12/07:28:51       2      143.838      8.00000
2011-11-12/07:30:40       3      143.838      2.00000
2011-11-12/07:36:50       4      155.270      1.00000
2011-11-12/08:37:50       5      143.838      11.0000
2011-11-13/07:23:20       1      245.678      9.00000
2011-11-13/07:30:58       2      227.590      3.00000
2011-11-13/07:32:03       3      195.311      5.00000
2011-11-13/07:39:09       4      180.932     0.000000
2011-11-13/08:35:21       5      195.311      4.00000
2011-11-14/07:22:11       1      452.973      370.000
2011-11-14/07:33:18       2      452.973      64.0000
2011-11-14/07:35:51       3      488.974      45.0000
2011-11-14/07:41:12       4      527.835      22.0000
2011-11-14/09:03:59       5      419.623      88.0000
2011-11-15/07:23:39       1      143.838      23.0000
2011-11-15/07:35:38       2      143.838      14.0000
2011-11-15/07:39:19       3      133.248      1.00000
2011-11-15/07:44:08       4      123.438     0.000000
2011-11-15/08:42:21       5      265.204     0.000000
2011-11-16/07:30:08       1      286.282      410.000
2011-11-16/07:38:58       2      286.282      159.000
2011-11-16/07:41:59       3      419.623      57.0000
2011-11-16/07:47:29       4      419.623      25.0000
2011-11-16/08:50:11       5      309.034      44.0000
2011-11-17/07:34:28       1      210.834      8.00000
2011-11-17/07:43:10       2      210.834      3.00000
2011-11-17/07:45:39       3      210.834      2.00000
2011-11-17/07:49:08       4      227.590      2.00000
2011-11-17/08:59:28       5      133.248      3.00000
2011-11-18/07:30:18       1      569.786      123.000
2011-11-18/07:43:50       2      388.728      185.000
2011-11-18/07:48:11       3      388.728      61.0000
2011-11-18/07:52:08       4      360.108      42.0000
2011-11-19/07:41:00       1      488.974      368.000
2011-11-19/07:49:39       2      333.595      4.00000
2011-11-19/07:55:09       3      286.282     0.000000
2011-11-19/07:59:50       4      286.282      1.00000
2011-11-20/07:39:47       1      286.282      1863.00
2011-11-20/07:52:07       2      286.282      1.00000
2011-11-20/09:02:59       5      114.350      9.00000
2011-11-21/07:45:59       1      663.954      183.000
2011-11-21/07:52:29       2      663.954      52.0000
2011-11-21/07:55:10       3      488.974      42.0000
2011-11-21/07:59:51       4      527.835      4.00000
2011-11-21/09:00:52       5      452.973      49.0000
2011-11-22/07:45:08       1      452.973      8.00000
2011-11-22/07:55:11       2      309.034      1.00000
2011-11-22/07:58:00       3      265.204      1.00000
2011-11-22/08:01:41       4      265.204     0.000000
2011-11-23/07:46:49       1      286.282      50.0000
2011-11-23/07:57:00       2      419.623      27.0000
2011-11-23/07:58:49       3      488.974      55.0000
2011-11-23/08:04:50       4      527.835      26.0000
2011-11-24/07:51:28       1      265.204      8.00000
2011-11-24/07:59:30       2      227.590      5.00000
2011-11-24/08:02:27       3      227.590      2.00000
2011-11-24/08:07:17       4      227.590     0.000000
2011-11-24/09:04:37       5      286.282     0.000000
2011-11-25/07:54:40       1      388.728      135.000
2011-11-25/07:58:53       2      388.728      239.000
2011-11-25/08:04:38       3      388.728      68.0000
2011-11-25/08:09:40       4      419.623      47.0000
2011-11-25/09:08:08       5      210.834      7.00000
2011-11-26/07:56:19       1      527.835     0.000000
2011-11-26/08:03:37       2      527.835     0.000000
2011-11-26/08:05:29       3      527.835     0.000000
2011-11-26/08:11:39       4      488.974      1.00000
2011-11-27/07:56:59       1      419.623     0.000000
2011-11-27/08:06:18       2      419.623      3.00000
2011-11-27/08:09:19       3      419.623     0.000000
2011-11-27/08:14:48       4      419.623     0.000000
2011-11-27/09:12:21       5      419.623     0.000000
2011-11-28/08:01:51       1      114.350      52.0000
2011-11-28/08:10:01       2      133.248      14.0000
2011-11-28/08:12:22       3      133.248      2.00000
2011-11-28/08:17:51       4      114.350     0.000000
2011-11-28/08:58:51       5      195.311      48.0000
2011-11-29/08:02:18       1      265.204      10.0000
2011-11-29/08:12:01       2      265.204      2.00000
2011-11-29/08:13:38       3      265.204     0.000000
2011-11-29/08:21:00       4      265.204     0.000000
