# CCATi boundary location file: time bndnum yvalue zvalue
2012-07-01/01:33:21       1      10418.6      301.000
2012-07-01/01:45:09       2      49.3050      137.000
2012-07-01/02:55:09       4      90.9067      4.00000
2012-07-02/01:29:08       1      6584.64     0.000000
2012-07-02/01:41:08       2      6099.85     0.000000
2012-07-03/01:26:28       1      8940.98      430.000
2012-07-03/01:36:19       2      9651.57      46.0000
2012-07-04/01:23:16       1      2257.09     0.000000
2012-07-04/01:31:38       2      1936.97      1.00000
2012-07-04/02:41:59       5      105.931      10.0000
2012-07-05/01:17:01       1      4849.31      353.000
2012-07-05/01:28:21       2      7672.88      25.0000
2012-07-05/02:09:49       5      835.175      2.00000
2012-07-06/01:12:49       1      12140.5     0.000000
2012-07-06/01:23:40       2      7107.97     0.000000
2012-07-06/02:19:48       5      167.611      4.00000
2012-07-07/01:13:10       1      8282.70      121.000
2012-07-07/01:20:41       2      8282.70      8.00000
2012-07-07/02:15:00       5      9651.57      1.00000
2012-07-08/01:02:20       1      13105.4      6.00000
2012-07-08/01:16:40       2      16485.0      3.00000
2012-07-10/01:00:31       1      17795.2      241.000
2012-07-10/01:07:50       2      14147.0      5.00000
2012-07-10/02:08:48       5      265.204      56.0000
2012-07-11/00:52:19       1      13105.4     0.000000
2012-07-11/01:03:11       2      4492.28      1.00000
2012-07-11/01:53:09       5      49.3050      14.0000
2012-07-12/00:51:06       1      1321.47      24.0000
2012-07-12/01:00:28       2      2436.47      41.0000
2012-07-13/00:43:49       1      2257.09     0.000000
2012-07-13/00:56:21       2      1662.25      1.00000
2012-07-13/01:51:20       5      333.595      1.00000
2012-07-16/00:35:39       1      4849.31     0.000000
2012-07-16/00:46:18       2      2839.15     0.000000
2012-07-16/01:22:57       5      452.973     0.000000
2012-07-17/00:35:50       1      3855.14      69.0000
2012-07-17/00:44:28       2      6099.85      156.000
2012-07-17/01:26:20       5      4492.28      16.0000
2012-07-18/00:31:29       1      2090.91      3.00000
2012-07-18/00:44:41       2      2630.11     0.000000
2012-07-18/01:19:19       5      155.270      3.00000
2012-07-19/00:31:51       1      1224.17      1002.00
2012-07-19/00:47:59       2      2630.11      36.0000
2012-07-19/01:18:20       5      1936.97      44.0000
2012-07-20/00:35:37       1      1224.17      1.00000
2012-07-20/00:45:28       2      2090.91      2.00000
2012-07-20/01:14:40       5      527.835     0.000000
2012-07-21/00:36:51       1      527.835      98.0000
2012-07-21/00:47:38       2      527.835      32.0000
2012-07-21/01:21:39       5      39.1969      16.0000
2012-07-22/00:33:41       1      6584.64      109.000
2012-07-22/00:46:28       2      6584.64      18.0000
2012-07-22/01:09:11       5      3308.37      23.0000
2012-07-23/00:34:01       1      2090.91     0.000000
2012-07-23/00:43:28       2      2839.15     0.000000
2012-07-23/01:24:48       5      2630.11      2.00000
2012-07-24/00:33:58       1      615.070      681.000
2012-07-24/00:46:38       2      1321.47      24.0000
2012-07-24/01:06:08       5      2630.11      65.0000
2012-07-25/00:37:51       1      773.685      1.00000
2012-07-25/00:46:58       2      901.551      3.00000
2012-07-25/01:01:39       5      1539.86      3.00000
2012-07-26/00:33:31       1      14147.0      844.000
2012-07-26/00:46:31       2      8282.70      12.0000
2012-07-26/00:58:19       5      3064.79      73.0000
2012-07-27/00:32:58       1      716.723      1.00000
2012-07-27/00:45:10       2      615.070     0.000000
2012-07-27/01:04:48       5      1662.25     0.000000
2012-07-28/00:35:02       1      7107.97      1320.00
2012-07-28/00:45:21       2      8282.70      7.00000
2012-07-28/01:09:40       5      5234.71      20.0000
2012-07-29/00:29:49       1      5234.71      449.000
2012-07-29/00:43:01       2      6099.85      50.0000
2012-07-29/01:14:18       5      8282.70      31.0000
2012-07-30/00:29:48       1      1662.25     0.000000
2012-07-30/00:46:58       2      3308.37     0.000000
