# CCATi boundary location file: time bndnum yvalue zvalue
2012-04-01/05:11:08       1      5650.75      70.0000
2012-04-01/05:50:08       2      7107.97      9.00000
2012-04-01/06:29:11       5      1936.97      3.00000
2012-04-01/06:38:37       6      1662.25      36.0000
2012-04-02/05:11:20       1      3064.79     0.000000
2012-04-02/05:52:41       2      488.974     0.000000
2012-04-02/06:27:59       5      180.932      1.00000
2012-04-02/06:36:58       6      180.932      3.00000
2012-04-03/06:24:41       4      663.954      27.0000
2012-04-03/06:37:08       5      835.175      43.0000
2012-04-04/05:01:30       1      57.4536      136.000
2012-04-04/05:57:42       2      98.1317      9.00000
2012-04-04/06:25:02       5      360.108      1.00000
2012-04-04/06:37:01       6      309.034      5.00000
2012-04-05/05:00:48       1      6584.64      248.000
2012-04-05/05:46:42       2      615.070      20.0000
2012-04-05/06:23:49       5      1662.25     0.000000
2012-04-05/06:33:19       6      419.623      165.000
2012-04-06/05:54:58       2      33.6376      24.0000
2012-04-06/06:23:22       5      7107.97     0.000000
2012-04-06/06:33:21       6      6099.85     0.000000
2012-04-07/05:03:38       1      7107.97      127.000
2012-04-07/06:03:00       2      3571.31      27.0000
2012-04-07/06:21:41       5      84.2137      6.00000
2012-04-07/06:32:12       6      62.0198      904.000
2012-04-08/05:08:08       1      11246.7      154.000
2012-04-08/05:59:11       2      663.954      7.00000
2012-04-08/06:19:49       5      5650.75      49.0000
2012-04-08/06:34:41       6      4492.28      180.000
2012-04-09/05:05:31       1      615.070      4.00000
2012-04-09/05:43:46       2      1794.36      1.00000
2012-04-09/06:19:28       6      615.070     0.000000
2012-04-09/06:32:31       7      773.685     0.000000
2012-04-10/05:05:19       1      10418.6      43.0000
2012-04-10/05:47:28       2      6584.64      13.0000
2012-04-10/06:16:48       5      6584.64      35.0000
2012-04-10/06:30:00       6      1936.97      16.0000
2012-04-11/04:57:37       1      4849.31      2.00000
2012-04-11/05:51:51       2      3064.79      1.00000
2012-04-11/06:16:50       5      39.1969      34.0000
2012-04-11/06:31:30       6      22.9488      85.0000
2012-04-12/04:56:29       1      6099.85      20.0000
2012-04-12/05:44:40       2      123.438      1.00000
2012-04-12/06:18:21       5      452.973      55.0000
2012-04-12/06:25:28       6      973.203      31.0000
2012-04-13/05:10:31       1      901.551     0.000000
2012-04-13/05:41:28       2      286.282      3.00000
2012-04-13/06:14:50       5      527.835      1.00000
2012-04-13/06:28:37       6      360.108      3.00000
2012-04-14/05:01:51       1      1050.55      66.0000
2012-04-14/05:46:40       2      3571.31      43.0000
2012-04-14/06:12:39       5      1539.86      2.00000
2012-04-14/06:24:58       6      419.623      100.000
2012-04-15/05:01:46       1      9651.57      28.0000
2012-04-15/05:38:29       2      615.070      27.0000
2012-04-15/06:14:07       5      8282.70      57.0000
2012-04-15/06:23:41       6      9651.57      71.0000
2012-04-17/05:09:30       1      195.311      388.000
2012-04-17/05:51:30       2      28.8668      56.0000
2012-04-17/06:09:59       5      2630.11      40.0000
2012-04-17/06:20:30       6      1662.25      34.0000
2012-04-18/05:04:31       1      1224.17      1.00000
2012-04-18/05:46:28       2      388.728      2.00000
2012-04-18/05:47:00       3      42.3121      19.0000
2012-04-18/06:08:10       6      57.4536      13.0000
2012-04-18/06:20:38       7      31.1610      276.000
2012-04-19/05:07:48       1      11246.7      82.0000
2012-04-19/05:49:28       2      5234.71      52.0000
2012-04-19/06:05:57       5      8940.98      23.0000
2012-04-19/06:19:40       6      5650.75      137.000
2012-04-20/05:06:39       1      488.974      3.00000
2012-04-20/05:41:01       2      180.932      5.00000
2012-04-20/06:05:48       5      53.2236      33.0000
2012-04-20/06:19:28       6      31.1610      188.000
2012-04-21/04:58:50       1      3064.79      46.0000
2012-04-21/05:35:29       2      1050.55      55.0000
2012-04-21/06:05:09       5      2436.47      24.0000
2012-04-21/06:28:19       6      1662.25      98.0000
2012-04-23/04:58:02       1      360.108      4.00000
2012-04-23/05:40:58       2      105.931      5.00000
2012-04-23/06:02:40       5      286.282     0.000000
2012-04-23/06:23:30       6      57.4536      47.0000
2012-04-24/05:04:49       1      973.203      79.0000
2012-04-24/05:35:06       2      333.595      70.0000
2012-04-24/06:03:58       5      31.1610      18.0000
2012-04-24/06:22:40       6      33.6376      129.000
2012-04-25/05:06:51       1      835.175      1.00000
2012-04-25/05:32:38       2      663.954     0.000000
2012-04-25/06:01:58       5      90.9067      2.00000
2012-04-25/06:19:11       6      245.678      4.00000
2012-04-26/05:03:41       1      6584.64      82.0000
2012-04-26/05:33:10       2      5234.71      25.0000
2012-04-26/06:04:58       5      210.834      58.0000
2012-04-26/06:23:20       6      452.973      100.000
2012-04-27/04:56:08       1      360.108     0.000000
2012-04-27/05:34:50       2      452.973     0.000000
2012-04-27/06:02:50       5      309.034     0.000000
2012-04-27/06:18:18       6      615.070      1.00000
2012-04-28/05:12:01       1      13105.4      30.0000
2012-04-28/05:35:11       2      4492.28      66.0000
2012-04-28/05:59:42       5      7107.97      36.0000
2012-04-28/06:12:26       6      9651.57      32.0000
2012-04-29/05:13:01       1      11246.7      25.0000
2012-04-29/05:24:48       2      13105.4      15.0000
2012-04-29/05:59:58       5      7672.88      34.0000
2012-04-29/06:17:31       6      8940.98      265.000
