# CCATi boundary location file: time bndnum yvalue zvalue
2012-05-01/05:06:19       1      6099.85      137.000
2012-05-01/05:26:09       2      3308.37      43.0000
2012-05-01/05:57:02       5      9651.57      26.0000
2012-05-01/06:12:10       6      9651.57      39.0000
2012-05-02/05:09:49       1      195.311      15.0000
2012-05-02/05:35:48       2      227.590      3.00000
2012-05-02/05:51:56       5      114.350      5.00000
2012-05-02/06:16:36       6      143.838      17.0000
2012-05-03/05:03:43       1      12140.5      58.0000
2012-05-03/05:28:22       2      8282.70      2.00000
2012-05-03/05:50:52       5      6099.85      12.0000
2012-05-03/06:10:30       6      9651.57      115.000
2012-05-04/05:00:08       1      227.590      2.00000
2012-05-04/05:28:00       2      452.973     0.000000
2012-05-04/05:51:07       5      143.838      7.00000
2012-05-04/06:16:10       6      180.932      94.0000
2012-05-05/04:55:46       1      15271.3      8.00000
2012-05-05/05:24:10       2      10418.6      21.0000
2012-05-05/05:51:10       5      7672.88      30.0000
2012-05-05/06:18:18       6      11246.7      28.0000
2012-05-07/04:59:19       1      488.974      19.0000
2012-05-07/05:25:58       2      527.835     0.000000
2012-05-07/05:37:09       5      180.932      9.00000
2012-05-07/06:06:10       6      245.678      46.0000
2012-05-08/04:53:10       1      16485.0      8.00000
2012-05-08/05:14:08       2      3064.79      12.0000
2012-05-08/05:51:11       5      3064.79      30.0000
2012-05-08/06:03:30       6      4849.31      61.0000
2012-05-09/04:49:33       1      360.108      1.00000
2012-05-09/05:11:40       2      265.204      1.00000
2012-05-09/05:26:20       5      78.0135      8.00000
2012-05-09/06:08:20       6      39.1969      54.0000
2012-05-10/04:44:09       1      7672.88      305.000
2012-05-10/05:07:03       2      3571.31      16.0000
2012-05-10/05:26:41       5      1539.86      7.00000
2012-05-10/05:55:21       6      1050.55      38.0000
2012-05-11/04:42:36       1      488.974      1.00000
2012-05-11/05:04:18       2      615.070      2.00000
2012-05-11/05:24:32       5      155.270      9.00000
2012-05-11/05:51:28       6      210.834      5.00000
2012-05-12/04:46:11       1      19209.5      176.000
2012-05-12/05:06:29       2      5650.75      8.00000
2012-05-12/05:28:39       5      3855.14      130.000
2012-05-12/06:01:22       6      265.204      159.000
2012-05-13/04:35:20       1      360.108      67.0000
2012-05-13/04:53:09       2      245.678      11.0000
2012-05-13/05:19:21       5      4161.53      21.0000
2012-05-13/05:45:28       6      4161.53      136.000
2012-05-15/04:28:41       1      10418.6      579.000
2012-05-15/04:48:30       2      2630.11      11.0000
2012-05-15/05:04:59       5      3308.37      70.0000
2012-05-15/05:47:43       6      6584.64      166.000
2012-05-16/04:21:59       1      1224.17     0.000000
2012-05-16/04:46:50       2      143.838     0.000000
2012-05-16/04:59:01       5      195.311      2.00000
2012-05-16/05:49:00       6      36.3110      92.0000
2012-05-17/04:20:50       1      663.954      596.000
2012-05-17/04:42:00       2      419.623      27.0000
2012-05-17/04:56:28       5      4161.53      48.0000
2012-05-17/05:46:19       6      5650.75      395.000
2012-05-18/04:20:52       1      1662.25      1.00000
2012-05-18/04:37:21       2      1936.97      2.00000
2012-05-18/04:52:21       5      28.8668      13.0000
2012-05-18/05:40:44       6      90.9067      516.000
2012-05-19/04:16:10       1      973.203      433.000
2012-05-19/04:31:59       2      1794.36      4.00000
2012-05-19/04:52:40       5      2630.11      72.0000
2012-05-19/05:35:21       6      12140.5      28.0000
2012-05-21/04:04:48       1      15271.3      159.000
2012-05-21/04:27:11       2      4849.31      47.0000
2012-05-21/04:39:39       5      716.723      15.0000
2012-05-21/05:38:48       6      1134.04      33.0000
2012-05-22/04:06:19       1      835.175      11.0000
2012-05-22/04:20:31       2      1321.47      2.00000
2012-05-22/04:43:26       5      309.034      1.00000
2012-05-22/05:38:58       6      155.270      9.00000
2012-05-23/04:00:49       1      2630.11      8.00000
2012-05-23/04:16:10       2      3308.37      18.0000
2012-05-23/04:45:30       5      6099.85      14.0000
2012-05-23/05:37:38       6      8940.98      36.0000
2012-05-24/03:58:40       1      4492.28     0.000000
2012-05-24/04:14:00       2      4161.53     0.000000
2012-05-24/04:33:30       5      155.270      12.0000
2012-05-24/05:22:20       6      245.678      5.00000
2012-05-25/03:56:41       1      3308.37      21.0000
2012-05-25/04:07:32       2      3064.79      19.0000
2012-05-25/04:28:58       5      286.282      63.0000
2012-05-26/03:53:21       1      210.834      18.0000
2012-05-26/04:05:28       2      245.678      3.00000
2012-05-26/04:21:29       5      419.623      1.00000
2012-05-27/03:52:30       1      13105.4      121.000
2012-05-27/04:06:10       2      6584.64      17.0000
2012-05-27/04:18:58       5      5234.71      46.0000
2012-05-29/03:31:58       1      1539.86      10.0000
2012-05-29/03:54:21       2      1794.36      9.00000
2012-05-29/04:14:18       5      835.175      4.00000
2012-05-30/03:40:49       1      1134.04     0.000000
2012-05-30/03:51:20       2      527.835     0.000000
