# CCATi boundary location file: time bndnum yvalue zvalue
2013-09-01/07:16:55       1      195.311      5.00000
2013-09-01/07:29:31       2      210.834      2.00000
2013-09-01/07:42:59       5      105.931      2.00000
2013-09-01/08:21:22       6      98.1317      3.00000
2013-09-02/07:13:01       1      155.270      3.00000
2013-09-02/07:26:29       2      114.350      14.0000
2013-09-02/07:30:50       3      133.248      1.00000
2013-09-02/07:37:08       4      143.838      2.00000
2013-09-03/07:20:11       1      245.678      14.0000
2013-09-03/07:31:18       2      245.678     0.000000
2013-09-03/07:32:50       3      245.678      2.00000
2013-09-03/07:37:08       4      245.678      1.00000
2013-09-03/08:22:09       5      78.0135      20.0000
2013-09-04/07:21:19       1      114.350      423.000
2013-09-04/07:32:58       2      84.2137      25.0000
2013-09-04/08:12:58       5      245.678      5.00000
2013-09-05/07:21:40       1      245.678      309.000
2013-09-05/07:33:39       2      210.834      10.0000
2013-09-05/07:35:28       3      210.834      1.00000
2013-09-05/07:41:09       4      227.590      2.00000
2013-09-05/08:18:01       5      265.204      9.00000
2013-09-06/07:24:19       1      333.595      13.0000
2013-09-06/07:35:30       2      180.932      7.00000
2013-09-07/07:23:35       1      195.311      3.00000
2013-09-07/07:36:19       2      180.932     0.000000
2013-09-07/07:38:28       3      180.932      3.00000
2013-09-07/07:45:42       4      180.932      2.00000
2013-09-08/07:23:28       1      180.932      79.0000
2013-09-08/07:35:39       2      167.611      10.0000
2013-09-08/08:37:29       5      90.9067      5.00000
2013-09-09/07:31:11       1      143.838      29.0000
2013-09-09/07:38:29       2      143.838      54.0000
2013-09-09/07:40:58       3      155.270     0.000000
2013-09-09/07:50:29       4      167.611     0.000000
2013-09-09/08:45:41       5      84.2137      19.0000
2013-09-10/07:32:20       1      227.590      14.0000
2013-09-10/07:44:08       2      245.678      2.00000
2013-09-10/07:46:08       3      245.678     0.000000
2013-09-10/07:53:50       4      286.282     0.000000
2013-09-10/08:32:30       5      419.623     0.000000
2013-09-11/07:36:50       1      333.595      10.0000
2013-09-11/07:48:09       2      309.034     0.000000
2013-09-11/07:49:18       3      143.838      6.00000
2013-09-11/07:56:48       4      210.834      1.00000
2013-09-12/07:40:49       1      114.350      34.0000
2013-09-12/07:51:40       2      114.350      3.00000
2013-09-12/08:48:08       5      98.1317      3.00000
2013-09-12/09:04:53       6      195.311     0.000000
2013-09-13/07:43:30       1      180.932      13.0000
2013-09-13/07:55:01       2      180.932      6.00000
2013-09-13/07:56:49       3      195.311     0.000000
2013-09-13/08:01:59       4      195.311     0.000000
2013-09-13/08:55:18       5      210.834      2.00000
2013-09-14/07:47:09       1      180.932      19.0000
2013-09-14/07:56:40       2      180.932      15.0000
2013-09-14/09:07:16       5      155.270      9.00000
2013-09-15/07:54:01       1      227.590     0.000000
2013-09-15/08:00:59       2      245.678     0.000000
2013-09-15/08:03:00       3      245.678     0.000000
2013-09-15/08:09:29       4      210.834      2.00000
2013-09-15/09:09:11       5      105.931      2.00000
2013-09-16/07:56:51       1      195.311      12.0000
2013-09-16/08:06:38       2      180.932      3.00000
2013-09-16/08:08:51       3      180.932     0.000000
2013-09-16/08:13:08       4      180.932      1.00000
2013-09-16/09:13:22       5      105.931      3.00000
2013-09-17/07:58:01       1      167.611      95.0000
2013-09-17/08:09:01       2      123.438      12.0000
2013-09-17/08:11:54       3      133.248      1.00000
2013-09-17/08:15:59       4      143.838      3.00000
2013-09-17/09:18:09       5      143.838     0.000000
2013-09-18/08:03:41       1      286.282      2.00000
2013-09-18/08:13:20       2      286.282      3.00000
2013-09-18/08:16:21       3      286.282      1.00000
2013-09-18/08:21:19       4      333.595     0.000000
2013-09-18/09:21:28       5      167.611      1.00000
2013-09-19/08:02:28       1      309.034      2.00000
2013-09-19/08:14:48       2      227.590     0.000000
2013-09-19/08:17:49       3      227.590      1.00000
2013-09-19/08:23:59       4      227.590     0.000000
2013-09-19/09:18:59       5      98.1317     0.000000
2013-09-20/08:07:18       1      210.834      3.00000
2013-09-20/08:20:10       2      195.311      1.00000
2013-09-20/08:20:58       3      195.311      2.00000
2013-09-20/08:26:48       4      195.311     0.000000
2013-09-21/08:12:09       1      143.838      124.000
2013-09-21/08:22:40       2      167.611      6.00000
2013-09-21/08:24:28       3      167.611     0.000000
2013-09-21/08:30:58       4      155.270     0.000000
2013-09-23/08:16:01       1      133.248      12.0000
2013-09-23/08:27:41       2      105.931      9.00000
2013-09-23/08:29:13       3      105.931      1.00000
2013-09-23/08:34:02       4      114.350     0.000000
2013-09-23/09:31:39       5      105.931      5.00000
2013-09-24/08:16:30       1      167.611      76.0000
2013-09-24/08:28:29       2      114.350      16.0000
2013-09-24/08:30:50       3      114.350      5.00000
2013-09-24/08:33:31       4      123.438     0.000000
2013-09-24/09:29:19       5      419.623     0.000000
2013-09-25/08:13:08       1      195.311      9.00000
2013-09-25/08:29:18       2      210.834      8.00000
2013-09-25/08:31:58       3      210.834      1.00000
2013-09-25/08:34:59       4      245.678     0.000000
2013-09-26/08:19:09       1      286.282      11.0000
2013-09-26/08:31:01       2      195.311      5.00000
2013-09-26/08:33:18       3      195.311      4.00000
2013-09-26/08:37:59       4      195.311     0.000000
2013-09-26/09:33:48       5      180.932      1.00000
2013-09-27/08:22:21       1      180.932      10.0000
2013-09-27/08:30:59       2      210.834      3.00000
2013-09-27/08:33:08       3      210.834      1.00000
2013-09-27/08:39:30       4      245.678     0.000000
2013-09-27/09:35:18       5      286.282     0.000000
2013-09-28/08:23:19       1      286.282      3.00000
2013-09-28/08:31:49       2      195.311      2.00000
2013-09-28/08:32:58       3      210.834      2.00000
2013-09-28/08:39:48       4      195.311     0.000000
2013-09-28/09:36:16       5      663.954      1.00000
2013-09-29/08:27:16       1      143.838      12.0000
2013-09-29/08:34:47       2      167.611      1.00000
2013-09-29/08:35:59       3      167.611      1.00000
2013-09-29/08:41:29       4      167.611      2.00000
2013-09-29/09:44:27       5      123.438      4.00000
