# CCATi boundary location file: time bndnum yvalue zvalue
2013-10-01/08:27:02       1      155.270      70.0000
2013-10-01/08:37:37       2      143.838      7.00000
2013-10-01/08:40:10       3      155.270      2.00000
2013-10-01/08:45:39       4      167.611      1.00000
2013-10-02/08:30:51       1      245.678      8.00000
2013-10-02/08:37:57       2      265.204      1.00000
2013-10-02/08:41:09       3      245.678      1.00000
2013-10-02/08:45:59       4      286.282      1.00000
2013-10-02/09:48:29       5      180.932      6.00000
2013-10-03/08:30:53       1      210.834      12.0000
2013-10-03/08:39:31       2      210.834      4.00000
2013-10-03/08:43:48       3      210.834     0.000000
2013-10-03/08:46:38       4      245.678      1.00000
2013-10-03/09:40:21       5      114.350      6.00000
2013-10-04/08:32:09       1      195.311      11.0000
2013-10-04/08:43:20       2      180.932      2.00000
2013-10-04/08:44:28       3      195.311      3.00000
2013-10-04/08:49:49       4      195.311      2.00000
2013-10-05/08:33:01       1      265.204      5.00000
2013-10-05/08:45:21       2      210.834      4.00000
2013-10-05/09:33:11       5      167.611      3.00000
2013-10-06/08:31:21       1      195.311      84.0000
2013-10-06/08:44:21       2      180.932      16.0000
2013-10-06/08:46:46       3      180.932      4.00000
2013-10-06/08:52:28       4      167.611     0.000000
2013-10-07/08:35:10       1      210.834      103.000
2013-10-07/08:46:41       2      167.611      6.00000
2013-10-07/08:48:21       3      167.611     0.000000
2013-10-07/08:53:59       4      167.611     0.000000
2013-10-08/08:39:39       1      227.590      13.0000
2013-10-08/08:47:41       2      155.270      4.00000
2013-10-08/08:49:58       3      167.611      8.00000
2013-10-08/08:56:28       4      180.932      3.00000
2013-10-08/09:37:23       5      265.204      1.00000
2013-10-09/08:42:21       1      210.834      8.00000
2013-10-09/08:50:27       2      155.270      15.0000
2013-10-09/08:52:36       3      167.611      3.00000
2013-10-09/08:57:33       4      167.611     0.000000
2013-10-10/08:41:21       1      167.611      70.0000
2013-10-10/08:51:08       2      167.611      4.00000
2013-10-10/08:54:09       3      155.270      7.00000
2013-10-10/08:58:18       4      167.611     0.000000
2013-10-10/09:14:31       5      265.204      3.00000
2013-10-11/08:42:11       1      419.623      5.00000
2013-10-11/08:51:21       2      388.728     0.000000
2013-10-11/08:54:50       3      388.728      1.00000
2013-10-11/09:00:48       4      388.728     0.000000
2013-10-12/08:46:41       1      180.932      8.00000
2013-10-12/08:52:59       2      195.311     0.000000
2013-10-12/08:55:28       3      195.311     0.000000
2013-10-12/09:02:22       4      180.932      1.00000
2013-10-13/08:45:08       1      333.595      4.00000
2013-10-13/08:54:19       2      286.282      3.00000
2013-10-13/08:58:00       3      245.678      1.00000
2013-10-13/09:03:49       4      286.282      2.00000
2013-10-14/08:46:30       1      419.623      2.00000
2013-10-14/08:57:33       2      527.835     0.000000
2013-10-14/09:00:58       3      527.835     0.000000
2013-10-14/09:05:27       4      569.786     0.000000
2013-10-14/09:13:58       5      569.786     0.000000
2013-10-15/08:47:39       1      227.590      10.0000
2013-10-15/08:58:38       2      133.248      2.00000
2013-10-15/09:00:50       3      133.248      4.00000
2013-10-15/09:07:20       4      133.248      1.00000
2013-10-15/09:18:59       5      143.838      4.00000
2013-10-16/08:45:51       1      360.108      7.00000
2013-10-16/09:01:11       2      309.034      1.00000
2013-10-16/09:02:48       3      309.034      3.00000
2013-10-16/09:09:30       4      419.623     0.000000
2013-10-17/08:48:50       1      265.204      1.00000
2013-10-17/09:03:06       2      265.204      2.00000
2013-10-17/09:05:39       3      265.204     0.000000
2013-10-17/09:10:36       4      286.282      1.00000
2013-10-17/09:17:10       5      286.282     0.000000
2013-10-18/08:52:07       1      245.678      12.0000
2013-10-18/09:01:30       2      265.204      2.00000
2013-10-18/09:05:11       3      286.282      1.00000
2013-10-18/09:12:41       4      286.282     0.000000
2013-10-18/09:36:00       5      452.973     0.000000
2013-10-19/08:49:52       1      388.728     0.000000
2013-10-19/09:00:03       2      333.595      1.00000
2013-10-19/09:07:33       3      360.108     0.000000
2013-10-19/09:13:31       4      360.108     0.000000
2013-10-19/09:44:32       5      452.973      1.00000
2013-10-20/08:57:18       1      167.611      7.00000
2013-10-20/09:06:21       2      195.311      2.00000
2013-10-20/09:08:58       3      167.611      1.00000
2013-10-20/09:16:08       4      167.611     0.000000
2013-10-20/09:27:39       5      245.678     0.000000
2013-10-20/10:41:08       6      615.070     0.000000
2013-10-21/09:00:08       1      195.311      3.00000
2013-10-21/09:07:18       2      155.270      4.00000
2013-10-21/09:11:59       3      155.270      2.00000
2013-10-21/09:17:20       4      143.838      1.00000
2013-10-21/09:39:18       5      155.270      4.00000
2013-10-21/10:53:48       6      133.248     0.000000
2013-10-22/08:57:18       1      180.932      8.00000
2013-10-22/09:10:30       2      195.311      1.00000
2013-10-22/09:12:38       3      195.311     0.000000
2013-10-22/09:18:20       4      195.311     0.000000
2013-10-22/09:26:18       5      210.834      4.00000
2013-10-22/10:52:07       6      419.623     0.000000
2013-10-23/08:56:30       1      210.834      47.0000
2013-10-23/09:09:38       2      210.834      10.0000
2013-10-23/09:13:31       3      210.834      1.00000
2013-10-23/09:21:01       4      210.834      1.00000
2013-10-23/09:31:28       5      227.590      6.00000
2013-10-24/08:59:00       1      133.248      20.0000
2013-10-24/09:11:48       2      167.611      2.00000
2013-10-24/09:15:29       3      180.932      3.00000
2013-10-24/09:20:59       4      180.932      1.00000
2013-10-24/09:33:10       5      195.311      2.00000
2013-10-24/10:55:41       6      155.270      6.00000
2013-10-25/09:01:21       1      210.834      6.00000
2013-10-25/09:13:41       2      180.932      3.00000
2013-10-25/09:18:30       3      180.932      4.00000
2013-10-25/09:24:08       4      195.311      1.00000
2013-10-25/09:36:11       5      227.590     0.000000
2013-10-25/10:59:20       6      227.590      4.00000
2013-10-26/09:04:48       1      143.838      19.0000
2013-10-26/09:17:00       2      123.438      13.0000
2013-10-26/09:19:00       3      114.350      2.00000
2013-10-26/09:24:18       4      114.350      3.00000
2013-10-26/09:31:40       5      114.350      3.00000
2013-10-26/10:56:01       6      105.931      25.0000
2013-10-27/09:03:11       1      123.438      16.0000
2013-10-27/09:15:30       2      143.838      3.00000
2013-10-27/09:21:00       3      155.270      2.00000
2013-10-27/09:26:29       4      155.270      3.00000
2013-10-27/09:37:53       5      155.270      4.00000
2013-10-27/11:02:48       6      155.270      4.00000
2013-10-28/08:57:41       1      265.204      7.00000
2013-10-28/09:20:40       2      265.204      7.00000
2013-10-28/09:41:58       5      210.834      16.0000
2013-10-28/10:51:02       6      286.282      3.00000
2013-10-29/09:06:43       1      133.248      6.00000
2013-10-29/09:15:49       2      167.611      53.0000
2013-10-30/09:08:41       1      123.438      18.0000
2013-10-30/09:18:19       2      143.838      6.00000
2013-10-30/09:40:30       5      133.248      4.00000
2013-10-30/10:15:40       6      180.932      1.00000
