# CCATi boundary location file: time bndnum yvalue zvalue
2011-06-02/01:32:22       1      286.282      14.0000
2011-06-02/01:55:08       2      133.248      2.00000
2011-06-02/02:00:58       3      105.931      1.00000
2011-06-02/02:07:12       4      114.350      2.00000
2011-06-02/02:14:10       5      114.350      2.00000
2011-06-02/02:39:09       6      180.932      6.00000
2011-06-03/01:34:19       1      663.954      459.000
2011-06-03/01:54:20       2      527.835      33.0000
2011-06-03/01:57:41       3      569.786      2.00000
2011-06-03/02:04:31       4      716.723      7.00000
2011-06-03/02:10:49       5      901.551      14.0000
2011-06-03/02:33:11       6      973.203      52.0000
2011-06-04/01:21:22       1      333.595      6.00000
2011-06-04/01:54:08       2      227.590      3.00000
2011-06-04/03:51:00       3      15.2501          NaN
2011-06-04/02:07:00       5      180.932      6.00000
2011-06-04/02:41:58       6      388.728      1.00000
2011-06-08/01:19:41       1      286.282      30.0000
2011-06-08/01:54:28       2      245.678      2.00000
2011-06-08/02:10:36       5      452.973      1.00000
2011-06-08/02:32:51       6      527.835      3.00000
2011-06-09/01:22:28       1      360.108      55.0000
2011-06-09/01:57:43       2      286.282      27.0000
2011-06-09/02:13:40       5      488.974      125.000
2011-06-09/02:32:57       6      309.034      41.0000
2011-06-10/01:21:00       1      265.204      5.00000
2011-06-10/01:57:19       2      210.834     0.000000
2011-06-10/02:13:40       5      114.350      2.00000
2011-06-10/02:29:28       6      155.270      24.0000
2011-06-11/01:28:39       1      388.728      40.0000
2011-06-11/01:57:31       2      388.728      19.0000
2011-06-11/02:19:58       5      663.954      25.0000
2011-06-11/02:35:50       6      615.070      123.000
2011-06-12/01:25:29       1      333.595      74.0000
2011-06-12/01:56:50       2      210.834      26.0000
2011-06-12/02:19:21       5      227.590      12.0000
2011-06-12/02:38:38       6      227.590      13.0000
2011-06-13/01:34:58       1      245.678      9.00000
2011-06-13/02:06:31       2      227.590      7.00000
2011-06-13/02:19:31       5      835.175     0.000000
2011-06-13/02:35:31       6      835.175      11.0000
2011-06-14/01:31:01       1      419.623      126.000
2011-06-14/02:03:30       2      195.311      18.0000
2011-06-14/02:09:20       3      167.611      6.00000
2011-06-14/02:19:07       4      180.932      2.00000
2011-06-14/02:22:40       5      180.932      6.00000
2011-06-14/02:38:08       6      143.838      87.0000
2011-06-15/01:28:11       1      155.270      14.0000
2011-06-15/02:00:08       2      210.834      7.00000
2011-06-15/02:09:39       3      360.108      2.00000
2011-06-15/02:22:19       4      569.786     0.000000
2011-06-15/02:29:01       5      835.175     0.000000
2011-06-16/01:28:49       1      309.034      58.0000
2011-06-16/02:09:29       2      333.595      18.0000
2011-06-16/02:15:59       3      333.595      8.00000
2011-06-16/02:22:12       4      360.108      7.00000
2011-06-16/02:25:29       5      388.728      53.0000
2011-06-16/02:47:28       6      569.786      22.0000
2011-06-17/01:19:41       1      105.931      28.0000
2011-06-17/02:12:20       2      123.438      10.0000
2011-06-17/02:25:19       5      419.623      1.00000
2011-06-17/02:44:21       6      527.835      2.00000
2011-06-18/01:21:17       1      265.204      96.0000
2011-06-18/02:12:20       2      265.204      10.0000
2011-06-18/02:15:33       3      265.204      72.0000
2011-06-18/02:25:12       4      265.204      7.00000
2011-06-18/02:28:16       5      265.204      5.00000
2011-06-18/02:44:01       6      309.034      96.0000
2011-06-19/01:24:30       1      488.974      1.00000
2011-06-19/02:05:58       2      716.723     0.000000
2011-06-19/02:15:29       3      527.835      1.00000
2011-06-19/02:22:11       4      452.973     0.000000
2011-06-19/02:32:01       5      388.728      2.00000
2011-06-19/02:46:09       6      360.108      39.0000
2011-06-20/01:27:39       1      286.282      221.000
2011-06-20/02:12:20       2      265.204      30.0000
2011-06-20/02:21:58       3      265.204      40.0000
2011-06-20/02:31:21       4      265.204      13.0000
2011-06-20/02:34:50       5      286.282      27.0000
2011-06-20/02:45:29       6      286.282      196.000
2011-06-21/01:34:40       1      143.838      6.00000
2011-06-21/02:12:16       2      167.611      1.00000
2011-06-21/02:18:58       3      155.270      2.00000
2011-06-21/02:25:07       4      155.270      2.00000
2011-06-21/02:34:22       5      227.590      5.00000
2011-06-21/02:47:30       6      245.678      3.00000
2011-06-22/01:27:39       1      333.595      80.0000
2011-06-22/02:15:21       2      488.974      8.00000
2011-06-22/02:38:03       5      488.974      202.000
2011-06-22/02:53:40       6      388.728      48.0000
2011-06-23/01:24:10       1      66.9489      222.000
2011-06-23/02:05:38       2      452.973     0.000000
2011-06-23/02:37:51       5      388.728      2.00000
2011-06-23/02:50:47       6      419.623      9.00000
2011-06-24/01:33:31       1      360.108      76.0000
2011-06-24/02:18:49       2      265.204      31.0000
2011-06-24/02:28:11       3      309.034      37.0000
2011-06-24/02:37:38       4      227.590      2.00000
2011-06-24/02:43:47       5      265.204      18.0000
2011-06-24/02:53:51       6      309.034      42.0000
2011-06-25/01:30:51       1      286.282      2.00000
2011-06-25/02:21:59       2      143.838      8.00000
2011-06-25/02:44:01       5      167.611      5.00000
2011-06-25/02:57:29       6      210.834      10.0000
2011-06-26/01:30:40       1      155.270      11.0000
2011-06-26/02:21:30       2      245.678      5.00000
2011-06-26/02:44:01       5      167.611      1.00000
2011-06-26/02:56:49       6      195.311      60.0000
2011-06-27/01:18:49       1      42.3121      160.000
2011-06-27/02:47:59       3      901.551      3.00000
2011-06-27/03:01:11       4      716.723      339.000
2011-06-28/01:30:07       1      663.954      2.00000
2011-06-28/02:08:39       2      615.070      2.00000
2011-06-28/02:52:31       5      245.678      1.00000
2011-06-28/03:06:11       6      286.282     0.000000
2011-06-29/02:54:50       5      133.248     0.000000
2011-06-29/03:07:41       6      105.931      63.0000
