# CCATi boundary location file: time bndnum yvalue zvalue
2012-02-01/06:22:40       1      245.678      11.0000
2012-02-01/07:21:01       2      419.623     0.000000
2012-02-01/07:41:58       5      1224.17     0.000000
2012-02-01/07:58:31       6      2090.91      2.00000
2012-02-02/07:18:19       1      2436.47      12.0000
2012-02-02/07:21:56       2      2630.11      34.0000
2012-02-02/07:39:12       5      245.678      9.00000
2012-02-02/07:57:18       6      615.070      206.000
2012-02-03/06:22:49       1      114.350      34.0000
2012-02-03/07:20:38       2      309.034      5.00000
2012-02-03/07:36:50       4      49.3050      11.0000
2012-02-03/07:51:11       5      180.932      64.0000
2012-02-04/06:22:50       1      8282.70      244.000
2012-02-04/07:20:30       2      7672.88      13.0000
2012-02-04/07:35:50       5      360.108      17.0000
2012-02-04/07:46:42       6      716.723      402.000
2012-02-05/06:28:41       1      16485.0      4.00000
2012-02-05/07:13:10       2      3308.37     0.000000
2012-02-05/07:36:09       5      155.270      7.00000
2012-02-05/07:47:20       6      245.678      79.0000
2012-02-06/06:22:51       1      5234.71      141.000
2012-02-06/07:14:50       2      7672.88      15.0000
2012-02-06/07:35:11       5      3308.37      17.0000
2012-02-06/07:48:40       6      4492.28      192.000
2012-02-07/06:20:56       1      227.590      13.0000
2012-02-07/07:04:48       2      1794.36     0.000000
2012-02-07/07:33:48       5      167.611      2.00000
2012-02-07/07:46:20       6      388.728      44.0000
2012-02-08/06:16:40       1      8282.70      52.0000
2012-02-08/07:06:38       2      10418.6      6.00000
2012-02-08/07:32:49       5      8282.70      21.0000
2012-02-08/07:47:29       6      9651.57      42.0000
2012-02-09/06:14:10       1      90.9067      70.0000
2012-02-09/07:01:31       2      333.595      1.00000
2012-02-09/07:32:48       5      28.8668      191.000
2012-02-09/07:43:31       6      22.9488      331.000
2012-02-10/06:08:01       1      8282.70      107.000
2012-02-10/07:11:59       2      7107.97      8.00000
2012-02-10/07:32:09       5      4849.31      199.000
2012-02-10/07:43:28       6      8282.70      39.0000
2012-02-11/06:08:34       1      78.0135      43.0000
2012-02-11/07:05:22       2      309.034     0.000000
2012-02-11/07:30:08       5      195.311      6.00000
2012-02-11/07:38:39       6      309.034      4.00000
2012-02-12/06:11:59       1      419.623      4.00000
2012-02-12/07:03:18       2      569.786     0.000000
2012-02-12/07:27:09       5      49.3050      23.0000
2012-02-12/07:37:08       6      143.838      2453.00
2012-02-13/06:06:50       1      3308.37      98.0000
2012-02-13/06:54:40       2      1426.49      3.00000
2012-02-13/07:29:09       5      835.175      69.0000
2012-02-13/07:40:21       6      1050.55      517.000
2012-02-14/06:14:30       1      1936.97     0.000000
2012-02-14/07:10:42       2      388.728      2.00000
2012-02-14/07:24:50       5      39.1969      25.0000
2012-02-14/07:37:01       6      53.2236      214.000
2012-02-15/06:03:33       1      8940.98      91.0000
2012-02-15/06:48:41       2      11246.7      19.0000
2012-02-15/07:23:48       5      488.974      21.0000
2012-02-15/07:33:18       6      210.834      8.00000
2012-02-16/06:05:51       1      167.611      19.0000
2012-02-16/06:44:38       2      333.595      2.00000
2012-02-16/07:22:01       5      78.0135      27.0000
2012-02-16/07:34:01       6      90.9067      3403.00
2012-02-17/06:47:58       1      6584.64      4.00000
2012-02-17/07:00:21       2      6099.85      7.00000
2012-02-17/07:21:47       5      663.954      24.0000
2012-02-17/07:30:18       6      973.203      76.0000
2012-02-18/05:56:26       1      1794.36     0.000000
2012-02-18/06:50:01       2      53.2236      3.00000
2012-02-18/07:19:49       5      26.7415      117.000
2012-02-18/07:30:20       6      33.6376      306.000
2012-02-20/06:42:10       2      286.282      6.00000
2012-02-20/07:15:39       5      6584.64      11.0000
2012-02-20/07:27:38       6      973.203      45.0000
2012-02-21/05:54:51       1      452.973     0.000000
2012-02-21/06:42:20       2      615.070      2.00000
2012-02-21/07:16:50       5      167.611      4.00000
2012-02-21/07:28:01       6      286.282      13.0000
2012-02-22/06:02:49       1      3064.79      81.0000
2012-02-22/06:48:46       2      1426.49      14.0000
2012-02-22/07:13:57       5      227.590      10.0000
2012-02-22/07:25:21       6      245.678      55.0000
2012-02-23/05:53:56       1      245.678      10.0000
2012-02-23/06:36:40       2      210.834      1.00000
2012-02-23/07:12:38       5      11.5303      7.00000
2012-02-23/07:33:00       6      22.9488      160.000
2012-02-24/06:02:18       1      4849.31      68.0000
2012-02-24/06:30:31       2      3571.31      25.0000
2012-02-24/07:11:26       5      835.175      26.0000
2012-02-24/07:22:21       6      1224.17      60.0000
2012-02-25/05:48:51       1      265.204      4.00000
2012-02-25/06:25:21       2      167.611      8.00000
2012-02-25/07:11:38       5      180.932      6.00000
2012-02-25/07:22:41       6      133.248      20.0000
2012-02-27/05:45:41       1      835.175     0.000000
2012-02-27/06:25:08       2      227.590      4.00000
2012-02-27/07:09:16       5      14.5038      21.0000
2012-02-27/07:19:59       6      42.3121      123.000
