# CCATi boundary location file: time bndnum yvalue zvalue
2012-11-01/02:00:36       2      227.590      40.0000
2012-11-01/02:40:28       5      4492.28      20.0000
2012-11-01/02:54:08       6      4492.28      208.000
2012-11-02/02:08:01       2      105.931      4.00000
2012-11-02/02:46:28       5      663.954     0.000000
2012-11-02/03:00:40       6      452.973      1.00000
2012-11-03/02:09:11       2      123.438      11.0000
2012-11-03/02:44:49       5      3308.37      69.0000
2012-11-03/03:01:30       6      2090.91      3.00000
2012-11-04/02:12:28       2      1134.04      7.00000
2012-11-04/02:48:10       5      5234.71      25.0000
2012-11-04/03:01:38       6      3855.14      171.000
2012-11-05/02:18:02       2      286.282      2.00000
2012-11-05/02:52:28       5      155.270      2.00000
2012-11-05/03:01:18       6      133.248      97.0000
2012-11-06/02:09:10       2      3308.37      63.0000
2012-11-06/02:55:59       5      2090.91     0.000000
2012-11-06/03:05:38       6      1050.55      382.000
2012-11-07/02:12:29       2      105.931      8.00000
2012-11-07/02:58:51       5      835.175     0.000000
2012-11-07/03:06:01       6      773.685      1.00000
2012-11-08/02:20:58       2      1936.97      6.00000
2012-11-08/03:00:21       5      1794.36      2.00000
2012-11-08/03:10:20       6      1936.97     0.000000
2012-11-09/02:26:18       2      333.595      2.00000
2012-11-09/03:02:09       5      773.685      4.00000
2012-11-09/03:13:40       6      452.973      7.00000
2012-11-10/02:26:07       2      773.685      4.00000
2012-11-10/03:05:11       5      5650.75      11.0000
2012-11-10/03:15:34       6      2630.11      69.0000
2012-11-11/02:30:59       2      527.835      1.00000
2012-11-11/03:03:40       5      210.834     0.000000
2012-11-11/03:21:18       6      227.590      15.0000
2012-11-12/02:42:28       2      663.954      7.00000
2012-11-12/03:08:27       5      6099.85      16.0000
2012-11-12/03:19:59       6      4849.31      394.000
2012-11-13/01:49:42       1      245.678      11.0000
2012-11-13/02:43:58       2      123.438      5.00000
2012-11-13/03:12:18       5      973.203      1.00000
2012-11-13/03:22:01       6      901.551     0.000000
2012-11-14/02:47:30       2      8282.70      9.00000
2012-11-14/03:14:30       5      3855.14      68.0000
2012-11-14/03:30:58       6      2839.15      77.0000
2012-11-15/02:46:30       2      143.838      4.00000
2012-11-15/03:15:59       5      333.595      2.00000
2012-11-15/03:29:31       6      615.070     0.000000
2012-11-16/02:07:50       1      6584.64      89.0000
2012-11-16/02:55:48       2      5650.75      17.0000
2012-11-16/03:18:59       5      3308.37      16.0000
2012-11-16/03:31:18       6      1662.25      173.000
2012-11-17/03:04:08       2      195.311     0.000000
2012-11-17/03:20:20       5      663.954     0.000000
2012-11-17/03:31:39       6      716.723     0.000000
2012-11-18/02:07:11       1      265.204      8.00000
2012-11-18/02:59:38       2      835.175     0.000000
2012-11-18/03:24:09       5      615.070     0.000000
2012-11-18/03:38:09       6      527.835      3.00000
2012-11-19/02:10:18       1      8282.70      18.0000
2012-11-19/03:00:29       2      2630.11      27.0000
2012-11-19/03:27:00       5      1539.86      3.00000
2012-11-19/03:36:51       6      388.728      134.000
2012-11-20/02:05:32       1      8282.70      1.00000
2012-11-20/03:02:08       2      973.203      1.00000
2012-11-20/03:28:48       5      901.551     0.000000
2012-11-20/03:40:47       6      1224.17     0.000000
2012-11-21/02:19:23       1      6099.85      4.00000
2012-11-21/03:00:51       2      9651.57      2.00000
2012-11-21/03:35:09       5      5234.71      33.0000
2012-11-21/03:45:40       6      7672.88      63.0000
2012-11-22/02:27:09       1      195.311      3.00000
2012-11-22/02:59:59       2      195.311      1.00000
2012-11-22/03:37:18       5      143.838      2.00000
2012-11-22/03:53:26       6      155.270      20.0000
2012-11-23/02:34:58       1      5234.71      246.000
2012-11-23/03:13:09       2      4492.28      42.0000
2012-11-23/03:34:31       5      2090.91      1.00000
2012-11-23/03:48:31       6      1539.86      128.000
2012-11-24/02:19:51       1      1426.49     0.000000
2012-11-24/03:15:11       2      488.974      1.00000
2012-11-24/03:37:49       5      195.311      2.00000
2012-11-24/03:52:41       6      452.973      3.00000
2012-11-25/02:36:49       1      123.438      8.00000
2012-11-25/03:25:19       2      42.3121      19.0000
2012-11-25/03:39:23       5      1224.17      1.00000
2012-11-25/03:56:40       6      1539.86     0.000000
2012-11-26/02:30:01       1      1050.55      35.0000
2012-11-26/03:31:19       2      835.175      6.00000
2012-11-26/03:43:59       5      1050.55      3.00000
2012-11-26/03:59:19       6      527.835      48.0000
2012-11-27/02:36:11       1      2630.11      1.00000
2012-11-27/03:18:59       2      16485.0     0.000000
2012-11-27/03:47:00       5      419.623     0.000000
2012-11-27/04:05:09       6      309.034      30.0000
2012-11-28/02:36:40       1      4492.28      109.000
2012-11-28/03:26:19       2      6584.64      6.00000
2012-11-28/03:50:29       5      901.551      7.00000
2012-11-28/04:01:41       6      3308.37      10.0000
2012-11-29/03:25:18       2      452.973     0.000000
2012-11-29/03:53:46       5      195.311      6.00000
2012-11-29/04:05:29       6      286.282      6.00000
