# CCATi boundary location file: time bndnum yvalue zvalue
2012-10-01/00:52:51       2      663.954     0.000000
2012-10-01/01:30:30       5      180.932      10.0000
2012-10-01/01:42:21       6      227.590      4.00000
2012-10-02/00:59:48       2      615.070      11.0000
2012-10-02/01:32:30       5      4849.31      41.0000
2012-10-02/01:44:41       6      2839.15      45.0000
2012-10-03/00:53:21       2      333.595      5.00000
2012-10-03/01:34:29       5      245.678      2.00000
2012-10-03/01:46:29       6      123.438      233.000
2012-10-04/00:52:48       2      227.590      11.0000
2012-10-04/01:39:58       5      8282.70      6.00000
2012-10-04/01:49:29       6      5650.75      179.000
2012-10-05/00:59:58       2      773.685      2.00000
2012-10-05/01:40:50       5      663.954      1.00000
2012-10-05/01:53:22       6      286.282      38.0000
2012-10-06/01:02:21       2      388.728      17.0000
2012-10-06/01:41:29       5      2090.91      2.00000
2012-10-06/01:53:20       6      1936.97      23.0000
2012-10-07/01:03:59       2      615.070      5.00000
2012-10-07/01:44:18       5      901.551      9.00000
2012-10-07/01:58:10       6      716.723      488.000
2012-10-08/01:02:59       2      180.932      2.00000
2012-10-08/01:46:40       5      1321.47      1.00000
2012-10-08/02:08:02       6      1321.47     0.000000
2012-10-09/01:05:10       2      3855.14      79.0000
2012-10-09/01:48:31       5      333.595      7.00000
2012-10-09/02:00:38       6      265.204      104.000
2012-10-10/01:10:58       2      716.723     0.000000
2012-10-10/01:51:30       5      309.034      5.00000
2012-10-10/02:04:13       6      333.595      23.0000
2012-10-11/01:05:21       2      2090.91      47.0000
2012-10-11/01:55:11       5      4161.53      139.000
2012-10-11/02:05:26       6      3571.31      85.0000
2012-10-12/01:12:58       2      488.974     0.000000
2012-10-12/01:55:39       5      1539.86     0.000000
2012-10-12/02:05:41       6      1321.47     0.000000
2012-10-13/01:13:56       2      167.611      17.0000
2012-10-13/01:57:09       5      773.685      9.00000
2012-10-13/02:09:41       6      973.203      1350.00
2012-10-14/01:12:11       2      452.973      32.0000
2012-10-14/02:01:09       5      286.282      32.0000
2012-10-14/02:11:56       6      333.595      52.0000
2012-10-15/01:24:41       2      360.108     0.000000
2012-10-15/01:58:51       5      227.590      1.00000
2012-10-15/02:13:19       6      245.678      137.000
2012-10-16/01:17:08       2      143.838      5.00000
2012-10-16/02:01:58       5      4492.28      34.0000
2012-10-16/02:19:39       6      3855.14      82.0000
2012-10-17/01:22:59       2      245.678      1.00000
2012-10-17/02:08:00       5      901.551     0.000000
2012-10-17/02:18:39       6      973.203      1.00000
2012-10-18/01:22:58       2      2257.09      3.00000
2012-10-18/02:10:20       5      773.685      9.00000
2012-10-18/02:19:19       6      773.685      1009.00
2012-10-19/01:18:31       2      227.590      11.0000
2012-10-19/02:11:43       5      195.311      7.00000
2012-10-19/02:21:01       6      227.590      24.0000
2012-10-20/01:18:01       1      1321.47     0.000000
2012-10-20/01:25:51       2      1426.49      2.00000
2012-10-20/02:09:16       5      973.203      2.00000
2012-10-20/02:21:12       6      973.203      162.000
2012-10-21/01:37:00       2      569.786      5.00000
2012-10-21/02:17:19       5      615.070      4.00000
2012-10-21/02:23:49       6      488.974      54.0000
2012-10-22/01:38:58       2      227.590      2.00000
2012-10-22/02:20:18       5      773.685     0.000000
2012-10-22/02:30:09       6      773.685      9.00000
2012-10-23/01:34:10       2      4492.28      48.0000
2012-10-23/02:20:48       5      22.9488      5.00000
2012-10-23/02:31:31       6      21.2592      53.0000
2012-10-24/01:39:03       2      28.8668      3.00000
2012-10-24/02:22:48       5      114.350      1.00000
2012-10-24/02:34:20       6      84.2137      542.000
2012-10-25/01:39:21       2      3064.79      51.0000
2012-10-25/02:21:29       5      53.2236      6.00000
2012-10-25/02:34:49       6      45.6749      883.000
2012-10-26/01:47:00       2      143.838      1.00000
2012-10-26/02:22:30       5      663.954     0.000000
2012-10-26/02:36:50       6      1050.55     0.000000
2012-10-27/01:48:20       2      2436.47      7.00000
2012-10-27/02:34:01       5      2630.11      1.00000
2012-10-27/02:43:08       6      2090.91      9.00000
2012-10-29/01:55:20       2      98.1317      5.00000
2012-10-29/02:35:48       5      1224.17     0.000000
2012-10-29/02:47:39       6      1321.47     0.000000
2012-10-30/01:50:18       2      39.1969      60.0000
2012-10-30/02:38:48       5      3064.79      4.00000
2012-10-30/02:49:51       6      3064.79      36.0000
