# CCATi boundary location file: time bndnum yvalue zvalue
2012-08-01/00:36:37       1      1794.36      1.00000
2012-08-01/00:42:23       2      2839.15     0.000000
2012-08-01/01:06:50       5      143.838      7.00000
2012-08-02/00:31:49       1      7107.97      107.000
2012-08-02/00:41:36       2      10418.6      26.0000
2012-08-03/00:33:40       1      1134.04     0.000000
2012-08-03/00:42:10       2      1662.25      4.00000
2012-08-03/01:10:30       5      569.786     0.000000
2012-08-04/00:18:50       1      773.685      193.000
2012-08-04/00:38:40       2      1050.55      110.000
2012-08-04/00:59:46       5      57.4536      14.0000
2012-08-05/00:28:30       1      973.203      419.000
2012-08-05/00:41:46       2      973.203      10.0000
2012-08-05/01:03:28       5      663.954      7.00000
2012-08-06/00:26:40       1      1936.97     0.000000
2012-08-06/00:39:31       2      4492.28      1.00000
2012-08-06/01:03:26       5      133.248      2.00000
2012-08-07/00:26:10       1      1794.36      18.0000
2012-08-07/00:40:59       2      3571.31      10.0000
2012-08-07/01:02:29       5      773.685      8.00000
2012-08-07/01:52:11       6      1321.47      6.00000
2012-08-08/00:27:38       1      2257.09      3.00000
2012-08-08/00:41:50       2      6099.85     0.000000
2012-08-08/00:59:51       5      1539.86      1.00000
2012-08-08/01:51:31       6      663.954      4.00000
2012-08-09/00:25:59       1      8282.70      1135.00
2012-08-09/00:41:51       2      15271.3      4.00000
2012-08-09/01:03:21       5      5650.75      39.0000
2012-08-09/01:54:00       6      1321.47      17.0000
2012-08-10/00:28:11       1      1321.47      1.00000
2012-08-10/00:42:11       2      3308.37     0.000000
2012-08-10/00:59:31       5      16.9008      35.0000
2012-08-10/01:45:09       6      49.3050      584.000
2012-08-11/00:24:59       1      2839.15      471.000
2012-08-11/00:42:28       2      6584.64      13.0000
2012-08-11/01:03:18       5      10418.6      11.0000
2012-08-11/01:39:29       6      78.0135      7.00000
2012-08-12/00:20:28       1      3855.14      60.0000
2012-08-12/00:40:29       2      5234.71      12.0000
2012-08-12/00:56:30       5      973.203      9.00000
2012-08-12/02:01:40       6      53.2236      253.000
2012-08-13/00:23:38       1      452.973      1.00000
2012-08-13/00:40:51       2      663.954     0.000000
2012-08-13/00:53:51       5      7107.97     0.000000
2012-08-13/01:39:08       6      286.282      5.00000
2012-08-14/00:23:39       1      333.595      43.0000
2012-08-14/00:39:27       2      569.786      6.00000
2012-08-14/00:54:39       5      2630.11      24.0000
2012-08-14/01:42:09       6      1662.25      28.0000
2012-08-15/00:23:29       1      245.678      14.0000
2012-08-15/00:38:58       2      360.108      1.00000
2012-08-15/00:59:20       5      615.070     0.000000
2012-08-15/01:44:00       6      333.595      2.00000
2012-08-16/00:22:22       1      3308.37      47.0000
2012-08-16/00:37:58       2      2630.11      3.00000
2012-08-16/01:01:41       5      3064.79      8.00000
2012-08-16/02:02:02       6      4849.31      117.000
2012-08-17/00:16:58       1      5234.71     0.000000
2012-08-17/00:37:48       2      1662.25     0.000000
2012-08-17/00:58:50       5      7107.97     0.000000
2012-08-17/01:27:18       6      6584.64     0.000000
2012-08-18/00:22:48       1      488.974      516.000
2012-08-18/00:38:21       2      1050.55      9.00000
2012-08-18/00:58:18       5      3308.37      43.0000
2012-08-18/01:30:51       6      4161.53      30.0000
2012-08-19/00:17:10       1      9651.57      15.0000
2012-08-19/00:37:08       2      4849.31      22.0000
2012-08-19/00:57:01       5      5234.71      32.0000
2012-08-19/01:23:09       6      4849.31      71.0000
2012-08-20/00:14:39       1      2630.11      2.00000
2012-08-20/00:38:30       2      1662.25     0.000000
2012-08-20/00:58:08       5      1134.04     0.000000
2012-08-20/01:23:51       6      835.175      2.00000
2012-08-21/00:17:28       1      5650.75      367.000
2012-08-21/00:37:30       2      4849.31      14.0000
2012-08-21/00:55:11       5      3064.79      10.0000
2012-08-21/01:26:32       6      615.070      256.000
2012-08-22/00:17:41       1      419.623      1.00000
2012-08-22/00:36:39       2      286.282     0.000000
2012-08-22/00:49:58       5      773.685     0.000000
2012-08-22/01:16:06       6      835.175      1.00000
2012-08-23/00:17:19       1      1426.49      21.0000
2012-08-23/00:36:01       2      3571.31      51.0000
2012-08-23/00:52:38       5      6099.85      15.0000
2012-08-23/01:25:31       6      10418.6      49.0000
2012-08-24/00:12:00       1      1662.25     0.000000
2012-08-24/00:38:39       2      901.551     0.000000
2012-08-24/00:55:08       5      5650.75     0.000000
2012-08-24/01:14:58       6      7672.88     0.000000
2012-08-25/00:09:51       1      6584.64      575.000
2012-08-25/00:35:43       2      12140.5      24.0000
2012-08-25/00:51:31       5      7107.97      10.0000
2012-08-25/01:17:39       6      2839.15      905.000
2012-08-26/00:06:26       1      19209.5      28.0000
2012-08-26/00:36:19       2      19209.5      5.00000
2012-08-26/00:53:00       5      19209.5      8.00000
2012-08-26/01:15:51       6      11246.7      18.0000
2012-08-26/23:42:28       1      452.973      1.00000
2012-08-27/00:34:59       2      133.248      21.0000
2012-08-27/00:50:48       5      1134.04     0.000000
2012-08-27/01:31:40       6      49.3050      325.000
2012-08-28/00:03:58       1      2839.15      39.0000
2012-08-28/00:38:29       2      1662.25      5.00000
2012-08-28/00:49:36       5      5234.71      128.000
2012-08-28/01:10:50       6      1224.17      23.0000
2012-08-29/00:09:41       1      663.954     0.000000
2012-08-29/00:33:40       2      1539.86     0.000000
2012-08-29/00:50:00       5      66.9489      22.0000
2012-08-29/01:17:08       6      98.1317      165.000
2012-08-30/00:09:21       1      180.932      7.00000
2012-08-30/00:35:00       2      1426.49      3.00000
2012-08-30/00:51:41       5      11246.7      9.00000
2012-08-30/01:14:19       6      4161.53      192.000
2012-08-30/23:51:18       1      1794.36     0.000000
2012-08-31/00:34:39       2      1321.47      5.00000
2012-08-31/00:52:40       5      569.786     0.000000
2012-08-31/01:12:58       6      62.0198      622.000
