# CCATi boundary location file: time bndnum yvalue zvalue
2012-03-01/05:54:29       1      7672.88      30.0000
2012-03-01/06:15:51       2      15271.3      3.00000
2012-03-01/07:06:01       5      10418.6      5.00000
2012-03-01/07:13:39       6      8282.70      102.000
2012-03-02/05:41:18       1      333.595      11.0000
2012-03-02/06:23:21       2      227.590      1.00000
2012-03-02/07:06:50       5      227.590      35.0000
2012-03-02/07:14:20       6      98.1317      312.000
2012-03-03/05:39:01       1      195.311      6.00000
2012-03-03/06:15:23       2      388.728      15.0000
2012-03-03/07:04:09       5      6584.64      346.000
2012-03-03/07:15:28       6      4849.31      195.000
2012-03-05/05:42:36       1      901.551      14.0000
2012-03-05/06:13:09       2      2257.09      30.0000
2012-03-05/06:58:58       5      10418.6      1.00000
2012-03-05/07:08:01       6      10418.6      134.000
2012-03-13/06:05:10       2      8282.70      5.00000
2012-03-13/06:50:08       5      9651.57      10.0000
2012-03-13/06:58:30       6      4161.53      43.0000
2012-03-14/06:07:01       2      1662.25     0.000000
2012-03-14/06:50:10       5      2436.47     0.000000
2012-03-14/07:00:09       6      2630.11      2.00000
2012-03-15/06:07:09       2      4492.28      10.0000
2012-03-15/06:49:41       5      8282.70      30.0000
2012-03-15/06:58:08       6      6584.64      136.000
2012-03-16/05:35:48       1      195.311      1.00000
2012-03-16/05:48:48       2      286.282      2.00000
2012-03-16/06:47:41       5      57.4536      3.00000
2012-03-16/06:54:31       6      72.2698      284.000
2012-03-17/06:05:09       2      2257.09      8.00000
2012-03-17/06:46:57       5      7107.97      15.0000
2012-03-17/06:53:19       6      3308.37      55.0000
2012-03-18/06:00:48       2      1050.55      8.00000
2012-03-18/06:45:01       5      9651.57      16.0000
2012-03-18/06:55:08       6      7672.88      1796.00
2012-03-19/06:00:35       2      90.9067      13.0000
2012-03-19/06:42:48       5      973.203     0.000000
2012-03-19/06:52:31       6      901.551     0.000000
2012-03-20/05:59:11       2      105.931      2.00000
2012-03-20/06:42:20       5      10418.6      21.0000
2012-03-20/06:52:19       6      11246.7      324.000
2012-03-21/05:57:50       2      114.350      4.00000
2012-03-21/06:41:39       5      309.034      5.00000
2012-03-21/06:50:42       6      265.204      19.0000
2012-03-23/06:00:40       2      4161.53     0.000000
2012-03-23/06:39:19       5      3855.14     0.000000
2012-03-23/06:47:38       6      4492.28     0.000000
2012-03-24/06:00:11       2      1050.55      10.0000
2012-03-24/06:37:58       5      10418.6      18.0000
2012-03-24/06:48:09       6      9651.57      626.000
2012-03-25/06:01:09       2      7672.88      6.00000
2012-03-25/06:35:48       5      2630.11      3.00000
2012-03-25/06:48:07       6      2436.47      42.0000
2012-03-26/05:55:31       2      62.0198      10.0000
2012-03-26/06:33:26       5      210.834      1.00000
2012-03-26/06:46:18       6      333.595      11.0000
2012-03-27/05:53:28       2      1662.25      4.00000
2012-03-27/06:34:48       5      1539.86      7.00000
2012-03-27/06:42:58       6      1794.36      7.00000
2012-03-28/05:56:08       2      2436.47     0.000000
2012-03-28/06:33:59       5      1794.36     0.000000
2012-03-28/06:45:50       6      2090.91     0.000000
2012-03-29/06:02:10       2      8940.98      12.0000
2012-03-29/06:29:50       4      6099.85      30.0000
2012-03-29/06:42:26       5      4849.31      355.000
2012-03-30/05:07:49       1      388.728      1.00000
2012-03-30/05:57:28       2      33.6376      13.0000
2012-03-30/06:32:58       5      527.835      1.00000
2012-03-30/06:41:28       6      716.723      1.00000
