# CCATi boundary location file: time bndnum yvalue zvalue
2012-01-01/07:54:39       1      49.3050      79.0000
2012-01-01/08:10:40       2      66.9489      29.0000
2012-01-01/08:30:21       4      62.0198      4.00000
2012-01-01/09:09:00       5      42.3121      117.000
2012-01-02/07:57:18       1      11246.7      21.0000
2012-01-02/08:10:17       2      7672.88      25.0000
2012-01-02/08:28:58       4      72.2698      5.00000
2012-01-02/09:12:10       5      245.678      146.000
2012-01-03/07:53:51       1      265.204      11.0000
2012-01-03/08:08:39       2      227.590      5.00000
2012-01-03/08:33:38       4      36.3110      32.0000
2012-01-03/09:09:40       5      167.611      14.0000
2012-01-04/07:49:38       1      12140.5      215.000
2012-01-04/08:08:39       2      5234.71      12.0000
2012-01-04/08:25:08       4      1539.86      5.00000
2012-01-04/09:08:48       5      1321.47      46.0000
2012-01-05/07:38:28       1      167.611      26.0000
2012-01-05/08:08:00       2      123.438      1.00000
2012-01-05/08:24:01       4      143.838      3.00000
2012-01-05/09:09:21       5      180.932      20.0000
2012-01-06/07:49:41       1      9651.57      119.000
2012-01-06/08:09:50       2      4161.53      22.0000
2012-01-06/08:23:10       4      527.835      15.0000
2012-01-06/08:57:12       5      333.595      281.000
2012-01-07/07:46:00       1      663.954     0.000000
2012-01-07/08:02:41       2      527.835      6.00000
2012-01-07/08:19:50       4      195.311      5.00000
2012-01-07/08:56:28       5      245.678      23.0000
2012-01-08/07:43:56       1      309.034      5.00000
2012-01-08/08:00:09       2      360.108     0.000000
2012-01-08/08:22:51       4      18.2440      105.000
2012-01-08/08:58:18       5      26.7415      415.000
2012-01-09/07:43:31       1      12140.5      61.0000
2012-01-09/08:00:19       2      7672.88      24.0000
2012-01-09/08:19:41       4      4161.53      38.0000
2012-01-09/08:48:21       5      3064.79      395.000
2012-01-10/07:37:58       1      133.248      62.0000
2012-01-10/07:57:31       2      155.270      5.00000
2012-01-10/08:26:08       4      155.270      19.0000
2012-01-10/08:49:18       5      143.838      54.0000
2012-01-11/07:36:19       1      15271.3      19.0000
2012-01-11/07:51:03       2      9651.57      61.0000
2012-01-11/08:21:04       4      6584.64      131.000
2012-01-11/08:45:50       5      9651.57      30.0000
2012-01-12/07:33:51       1      123.438      8.00000
2012-01-12/07:55:13       2      388.728     0.000000
2012-01-12/08:15:51       4      36.3110      72.0000
2012-01-12/08:42:58       5      39.1969      116.000
2012-01-13/07:32:39       1      10418.6      66.0000
2012-01-13/07:53:48       2      7672.88      18.0000
2012-01-13/08:14:30       4      4492.28      146.000
2012-01-13/08:46:11       5      10418.6      58.0000
2012-01-14/07:29:40       1      84.2137      71.0000
2012-01-14/07:51:30       2      78.0135      31.0000
2012-01-14/08:16:21       4      72.2698      5.00000
2012-01-14/08:44:09       5      123.438      204.000
2012-01-15/07:30:09       1      6099.85      281.000
2012-01-15/07:52:56       2      5234.71      84.0000
2012-01-15/08:09:48       4      333.595      110.000
2012-01-15/08:34:39       5      452.973      892.000
2012-01-16/07:25:38       1      143.838      15.0000
2012-01-16/07:47:00       2      123.438      13.0000
2012-01-16/08:08:50       5      39.1969      32.0000
2012-01-16/08:40:51       6      90.9067      355.000
2012-01-17/07:12:40       1      12140.5      103.000
2012-01-17/07:44:09       2      8940.98      87.0000
2012-01-17/08:10:00       4      973.203      28.0000
2012-01-17/08:41:09       5      901.551      320.000
2012-01-18/07:07:57       1      309.034      19.0000
2012-01-18/07:47:36       2      360.108      3.00000
2012-01-18/08:03:48       4      26.7415      107.000
2012-01-18/08:23:10       5      98.1317      80.0000
2012-01-19/07:19:30       1      9651.57      131.000
2012-01-19/07:41:20       2      3308.37      29.0000
2012-01-19/08:11:00       4      901.551      27.0000
2012-01-19/08:29:41       5      1936.97      67.0000
2012-01-20/06:57:38       1      2839.15     0.000000
2012-01-20/07:46:08       2      3855.14     0.000000
2012-01-20/08:05:21       4      133.248      9.00000
2012-01-20/08:28:40       5      309.034      8.00000
2012-01-21/07:03:28       1      9651.57      135.000
2012-01-21/07:43:51       2      9651.57      5.00000
2012-01-21/08:05:09       4      114.350      5.00000
2012-01-21/08:23:18       5      901.551      28.0000
2012-01-23/06:55:58       1      773.685     0.000000
2012-01-23/07:30:16       2      2436.47      1.00000
2012-01-23/07:55:59       4      3064.79     0.000000
2012-01-23/08:10:19       5      4161.53     0.000000
2012-01-24/07:02:58       1      8940.98      31.0000
2012-01-24/07:28:21       2      12140.5      3.00000
2012-01-24/07:57:21       4      7672.88      203.000
2012-01-24/08:08:20       5      11246.7      36.0000
2012-01-25/06:54:50       1      114.350      11.0000
2012-01-25/07:36:38       2      195.311      6.00000
2012-01-25/07:49:38       4      227.590      6.00000
2012-01-25/08:05:50       5      210.834      6.00000
2012-01-26/06:42:57       1      10418.6      31.0000
2012-01-26/07:25:49       2      17795.2      3.00000
2012-01-26/07:46:59       4      227.590      10.0000
2012-01-26/08:12:50       5      245.678      89.0000
2012-01-27/06:41:31       1      5234.71     0.000000
2012-01-27/07:30:09       2      19209.5     0.000000
2012-01-27/07:46:46       4      36.3110      23.0000
2012-01-27/08:09:29       5      72.2698      229.000
2012-01-28/06:52:39       1      11246.7      18.0000
2012-01-28/07:24:24       2      3855.14      25.0000
2012-01-28/07:46:01       4      72.2698      5.00000
2012-01-28/08:07:00       5      84.2137      31.0000
2012-01-29/06:39:13       1      15271.3      24.0000
2012-01-29/07:17:40       2      13105.4      11.0000
2012-01-29/07:48:28       4      245.678      26.0000
2012-01-29/08:00:40       5      333.595      160.000
2012-01-30/06:45:18       1      180.932      9.00000
2012-01-30/07:25:01       2      123.438      8.00000
2012-01-30/07:45:39       4      180.932      8.00000
2012-01-30/07:58:19       5      90.9067      57.0000
