# CCATi boundary location file: time bndnum yvalue zvalue
2012-06-01/03:28:20       1      773.685     0.000000
2012-06-01/03:43:28       2      1321.47     0.000000
2012-06-01/04:15:41       5      180.932      3.00000
2012-06-02/03:24:01       1      1539.86      46.0000
2012-06-02/03:40:17       2      2090.91      30.0000
2012-06-02/04:06:08       5      2630.11      63.0000
2012-06-02/04:36:49       6      2839.15      116.000
2012-06-08/03:05:29       1      309.034      1.00000
2012-06-08/03:16:33       2      333.595     0.000000
2012-06-08/03:48:50       5      105.931      6.00000
2012-06-09/02:56:11       1      663.954      291.000
2012-06-09/03:07:18       2      1321.47      3.00000
2012-06-09/03:57:20       5      527.835      3.00000
2012-06-10/02:50:58       1      8282.70      391.000
2012-06-10/03:04:18       2      3064.79      71.0000
2012-06-10/03:55:50       5      360.108      28.0000
2012-06-12/02:40:39       1      7107.97      250.000
2012-06-12/02:57:20       2      9651.57      3.00000
2012-06-13/02:42:00       1      527.835      7.00000
2012-06-13/02:54:20       2      286.282      1.00000
2012-06-13/03:04:30       5      663.954     0.000000
2012-06-13/03:10:00       6      488.974      1.00000
2012-06-14/02:37:19       1      5234.71      237.000
2012-06-14/02:49:19       2      4161.53      102.000
2012-06-14/03:00:38       5      11246.7      4.00000
2012-06-14/03:03:51       6      7672.88      14.0000
2012-06-15/02:32:50       1      2090.91     0.000000
2012-06-15/02:45:10       2      1321.47     0.000000
2012-06-15/02:58:10       5      180.932     0.000000
2012-06-15/03:01:11       6      265.204      1.00000
2012-06-16/02:29:08       1      4161.53      392.000
2012-06-16/02:42:48       2      7107.97      302.000
2012-06-17/02:29:29       1      716.723      603.000
2012-06-17/02:40:16       2      1224.17      4.00000
2012-06-18/02:22:57       1      180.932      503.000
2012-06-18/02:36:09       2      488.974     0.000000
2012-06-19/02:12:12       1      4849.31      68.0000
2012-06-19/02:26:20       2      2630.11      29.0000
2012-06-20/01:35:38       1      143.838      4.00000
2012-06-20/02:14:58       2      133.248     0.000000
2012-06-20/02:30:38       5      66.9489      3.00000
2012-06-21/02:03:28       1      663.954      34.0000
2012-06-21/02:20:09       2      1936.97      19.0000
2012-06-21/03:18:30       5      133.248     0.000000
2012-06-22/02:07:41       1      286.282      8.00000
2012-06-22/02:17:32       2      419.623      1.00000
2012-06-22/03:07:47       5      488.974     0.000000
2012-06-23/02:07:19       1      8940.98      150.000
2012-06-23/02:15:49       2      9651.57      7.00000
2012-06-24/02:01:00       1      4492.28      300.000
2012-06-24/02:10:52       2      6584.64      24.0000
2012-06-26/01:54:10       1      3308.37      150.000
2012-06-26/02:04:50       2      3855.14      75.0000
2012-06-27/01:53:31       1      1936.97      1.00000
2012-06-27/02:00:50       2      4161.53      3.00000
2012-06-28/01:48:10       1      488.974      299.000
2012-06-28/01:55:28       2      716.723      21.0000
2012-06-29/01:41:32       1      227.590      10.0000
2012-06-29/01:51:11       2      227.590      7.00000
