# CCATi boundary location file: time bndnum yvalue zvalue
2012-09-01/00:32:06       2      265.204      6.00000
2012-09-01/00:52:35       5      2257.09      7.00000
2012-09-01/01:11:33       6      1134.04      183.000
2012-09-01/23:57:01       1      11246.7      21.0000
2012-09-02/00:31:08       2      3855.14      62.0000
2012-09-02/00:50:49       5      4492.28      15.0000
2012-09-02/01:08:18       6      2630.11      13.0000
2012-09-03/00:00:49       1      286.282      1.00000
2012-09-03/00:33:19       2      210.834      2.00000
2012-09-03/00:50:08       5      210.834      3.00000
2012-09-03/01:12:10       6      84.2137      192.000
2012-09-03/23:59:48       1      2436.47      44.0000
2012-09-04/00:32:09       2      1662.25      23.0000
2012-09-04/00:46:21       5      1936.97     0.000000
2012-09-04/01:04:06       6      388.728      1217.00
2012-09-04/23:51:31       1      527.835      8.00000
2012-09-05/00:32:59       2      245.678      9.00000
2012-09-05/00:46:59       5      105.931      16.0000
2012-09-05/01:02:08       6      180.932      29.0000
2012-09-05/23:50:30       1      2436.47      32.0000
2012-09-06/00:30:01       2      901.551      14.0000
2012-09-06/00:49:59       5      3855.14      6.00000
2012-09-06/01:08:13       6      1134.04      83.0000
2012-09-06/23:52:10       1      527.835     0.000000
2012-09-07/00:30:49       2      488.974      1.00000
2012-09-07/00:51:39       5      973.203     0.000000
2012-09-07/01:09:00       6      973.203     0.000000
2012-09-09/23:34:01       1      180.932      8.00000
2012-09-10/00:24:40       2      123.438      9.00000
2012-09-10/00:45:38       5      388.728     0.000000
2012-09-10/01:03:39       6      195.311      8.00000
2012-09-11/23:32:59       1      133.248      9.00000
2012-09-12/00:32:28       2      28.8668      25.0000
2012-09-12/00:46:12       5      227.590      5.00000
2012-09-12/01:05:38       6      195.311      151.000
2012-09-12/23:34:36       1      245.678      41.0000
2012-09-13/00:36:22       2      123.438      4.00000
2012-09-13/00:49:18       5      2630.11      1.00000
2012-09-13/01:08:31       6      419.623      208.000
2012-09-13/23:39:01       1      773.685     0.000000
2012-09-14/00:38:38       2      155.270      11.0000
2012-09-14/00:48:49       5      419.623      1.00000
2012-09-14/01:10:28       6      309.034      6.00000
2012-09-15/00:33:00       2      1426.49      5.00000
2012-09-15/00:52:50       5      1224.17      2.00000
2012-09-15/01:12:28       6      1321.47      279.000
2012-09-15/23:38:40       1      78.0135      21.0000
2012-09-16/00:33:20       2      15.6565      9.00000
2012-09-16/00:58:39       5      6099.85      247.000
2012-09-16/01:10:38       6      3064.79      81.0000
2012-09-17/00:42:10       2      1224.17     0.000000
2012-09-17/00:57:51       5      155.270      5.00000
2012-09-17/01:14:11       6      133.248      69.0000
2012-09-18/00:38:20       2      2630.11      54.0000
2012-09-18/00:58:50       5      1936.97      1.00000
2012-09-18/01:16:19       6      1224.17      395.000
2012-09-18/23:49:18       1      663.954     0.000000
2012-09-19/00:53:09       2      72.2698      2.00000
2012-09-19/01:08:01       5      180.932      16.0000
2012-09-19/01:15:59       6      180.932      120.000
2012-09-19/23:45:28       1      4492.28      226.000
2012-09-20/00:43:57       2      901.551      6.00000
2012-09-20/01:06:48       5      5234.71      59.0000
2012-09-20/01:18:23       6      2436.47      31.0000
2012-09-21/00:04:31       1      78.0135      72.0000
2012-09-21/00:53:38       2      53.2236      23.0000
2012-09-21/01:06:29       5      36.3110      26.0000
2012-09-21/01:22:18       6      42.3121      882.000
2012-09-21/23:59:18       1      7672.88      37.0000
2012-09-22/00:52:29       2      3064.79      6.00000
2012-09-22/01:08:58       5      7672.88      50.0000
2012-09-22/01:25:31       6      2090.91      19.0000
2012-09-22/23:55:00       1      3064.79      21.0000
2012-09-23/00:46:51       2      5234.71      6.00000
2012-09-23/01:12:18       5      4849.31      16.0000
2012-09-23/01:23:38       6      3571.31      36.0000
2012-09-24/00:42:30       2      72.2698      18.0000
2012-09-24/01:14:19       5      901.551     0.000000
2012-09-24/01:28:31       6      452.973      4.00000
2012-09-25/00:46:19       2      1662.25     0.000000
2012-09-25/01:15:00       5      2436.47      1.00000
2012-09-25/01:31:09       6      1936.97      59.0000
2012-09-26/00:48:28       2      360.108     0.000000
2012-09-26/01:19:41       5      180.932      3.00000
2012-09-26/01:33:21       6      143.838      22.0000
2012-09-27/00:52:40       2      6584.64      10.0000
2012-09-27/01:16:59       5      4161.53      31.0000
2012-09-27/01:34:20       6      4161.53      430.000
2012-09-28/00:01:00       1      133.248      14.0000
2012-09-28/00:54:00       2      72.2698      7.00000
2012-09-28/01:26:30       5      2630.11     0.000000
2012-09-28/01:36:57       6      2839.15      1.00000
2012-09-29/00:51:29       2      3064.79      2.00000
2012-09-29/01:26:11       5      3855.14      24.0000
2012-09-29/01:38:23       6      3308.37      220.000
