# CCATi boundary location file: time bndnum yvalue zvalue
2012-12-01/02:57:00       1      309.034      4.00000
2012-12-01/03:38:11       2      227.590      1.00000
2012-12-01/03:55:08       5      12.4467      16.0000
2012-12-01/04:12:49       6      21.2592      48.0000
2012-12-02/03:00:27       1      1321.47      21.0000
2012-12-02/03:41:11       2      227.590      28.0000
2012-12-02/03:57:59       5      973.203      3.00000
2012-12-02/04:13:20       6      901.551      19.0000
2012-12-03/03:15:19       1      195.311      2.00000
2012-12-03/03:38:30       2      167.611      1.00000
2012-12-03/04:00:29       5      167.611      1.00000
2012-12-03/04:16:09       6      98.1317      257.000
2012-12-04/03:01:10       1      3064.79      70.0000
2012-12-04/03:42:58       2      1539.86      6.00000
2012-12-04/04:02:00       5      1794.36      17.0000
2012-12-04/04:21:13       6      2090.91      26.0000
2012-12-05/03:09:30       1      488.974     0.000000
2012-12-05/03:49:09       2      1321.47     0.000000
2012-12-05/04:01:49       5      123.438      10.0000
2012-12-05/04:21:38       6      388.728      3.00000
2012-12-06/03:05:17       1      8282.70      9.00000
2012-12-06/03:47:37       2      2436.47      11.0000
2012-12-06/04:09:31       5      2839.15      52.0000
2012-12-06/04:25:07       6      4849.31      116.000
2012-12-07/03:24:33       1      1539.86     0.000000
2012-12-07/03:52:58       2      1936.97      1.00000
2012-12-07/04:09:10       5      62.0198      11.0000
2012-12-07/04:27:59       6      143.838      8.00000
2012-12-08/03:19:39       1      13105.4      14.0000
2012-12-08/03:52:29       2      8940.98      15.0000
2012-12-08/04:11:02       5      4492.28      37.0000
2012-12-08/04:33:00       6      3571.31      87.0000
2012-12-09/03:23:09       1      615.070     0.000000
2012-12-09/03:56:19       2      286.282      1.00000
2012-12-09/04:20:09       5      143.838      6.00000
2012-12-09/04:35:30       6      195.311      42.0000
2012-12-10/03:27:08       1      7107.97      172.000
2012-12-10/03:56:28       2      8940.98      51.0000
2012-12-10/04:17:30       5      6099.85      39.0000
2012-12-10/04:39:41       6      8282.70      55.0000
2012-12-11/03:28:48       1      227.590      8.00000
2012-12-11/04:02:10       2      39.1969      17.0000
2012-12-11/04:25:01       5      72.2698      41.0000
2012-12-11/04:41:49       6      114.350      29.0000
2012-12-12/03:38:30       1      12140.5      32.0000
2012-12-12/03:59:20       2      4492.28      24.0000
2012-12-12/04:24:39       5      7107.97      46.0000
2012-12-12/04:46:49       6      5234.71      91.0000
2012-12-13/03:38:57       1      488.974     0.000000
2012-12-13/04:00:31       2      388.728      1.00000
2012-12-13/04:25:58       5      143.838      7.00000
2012-12-13/04:53:26       6      360.108      1.00000
2012-12-14/03:43:39       1      2436.47      257.000
2012-12-14/04:07:22       2      2436.47      7.00000
2012-12-14/04:29:08       5      3064.79      60.0000
2012-12-14/04:54:56       6      3308.37      450.000
2012-12-15/03:48:29       1      419.623      3.00000
2012-12-15/04:05:10       2      309.034      1.00000
2012-12-15/04:31:53       5      155.270      3.00000
2012-12-15/04:47:01       6      180.932      10.0000
2012-12-17/03:46:40       1      360.108      82.0000
2012-12-17/04:17:49       2      663.954      1.00000
2012-12-17/04:27:28       5      3855.14      41.0000
2012-12-17/04:50:59       6      2839.15      66.0000
2012-12-18/03:44:09       1      1321.47     0.000000
2012-12-18/04:18:30       2      419.623      1.00000
2012-12-18/04:26:41       5      78.0135     0.000000
2012-12-18/05:03:59       6      49.3050      161.000
2012-12-19/03:52:50       1      13105.4      135.000
2012-12-19/04:14:00       2      8282.70      10.0000
2012-12-19/04:32:58       5      8282.70      12.0000
2012-12-19/05:04:59       6      7107.97      87.0000
2012-12-20/03:56:19       1      1426.49     0.000000
2012-12-20/04:18:29       2      1662.25     0.000000
2012-12-20/04:31:08       5      388.728      1.00000
2012-12-20/04:52:51       6      309.034      3.00000
2012-12-21/03:46:08       1      1794.36      2.00000
2012-12-21/04:13:28       2      2257.09      1.00000
2012-12-21/04:33:21       5      1539.86      3.00000
2012-12-21/05:12:41       6      1539.86      13.0000
2012-12-22/03:56:27       1      309.034     0.000000
2012-12-22/04:17:09       2      309.034     0.000000
2012-12-22/04:36:59       5      1794.36      1.00000
2012-12-22/05:05:59       6      1662.25     0.000000
2012-12-23/03:59:20       1      901.551     0.000000
2012-12-23/04:19:38       2      98.1317      3.00000
2012-12-23/04:37:03       5      78.0135      9.00000
2012-12-23/05:13:49       6      26.7415      181.000
2012-12-24/04:06:00       1      452.973      543.000
2012-12-24/04:22:29       2      527.835      19.0000
2012-12-24/04:38:01       5      6099.85      13.0000
2012-12-24/05:21:10       6      7107.97      199.000
2012-12-25/04:07:10       1      1224.17     0.000000
2012-12-25/04:23:51       2      835.175     0.000000
2012-12-25/04:38:59       5      452.973      1.00000
2012-12-25/05:19:38       6      123.438      4.00000
2012-12-26/04:09:29       1      488.974      1029.00
2012-12-26/04:25:09       2      615.070      10.0000
2012-12-26/04:41:01       5      49.3050      14.0000
2012-12-26/05:28:19       6      78.0135      99.0000
2012-12-27/03:57:08       1      569.786     0.000000
2012-12-27/04:26:29       2      569.786     0.000000
2012-12-27/04:39:53       5      3308.37     0.000000
2012-12-27/05:26:10       6      7107.97     0.000000
2012-12-28/04:09:47       1      901.551      381.000
2012-12-28/04:29:20       2      1050.55      7.00000
2012-12-28/04:41:40       5      1794.36      7.00000
2012-12-28/05:26:33       6      210.834      17.0000
