# CCATi boundary location file: time bndnum yvalue zvalue
2011-04-01/02:22:43       1      452.973      1.00000
2011-04-01/02:28:40       2      488.974      1.00000
2011-04-01/02:31:01       3      527.835      3.00000
2011-04-01/02:33:01       4      527.835     0.000000
2011-04-02/03:20:09       1      360.108      136.000
2011-04-02/03:28:31       2      419.623      207.000
2011-04-02/03:31:48       3      419.623      27.0000
2011-04-02/03:35:29       4      419.623      38.0000
2011-04-02/04:39:39       5      49.3050      21.0000
2011-04-10/03:08:28       1      333.595      55.0000
2011-04-10/03:16:23       2      309.034      92.0000
2011-04-10/03:19:40       3      286.282      203.000
2011-04-10/03:25:09       4      265.204      48.0000
2011-04-11/03:06:31       1      488.974      10.0000
2011-04-11/03:15:30       2      360.108     0.000000
2011-04-11/03:20:11       3      360.108     0.000000
2011-04-11/03:23:49       4      309.034     0.000000
2011-04-12/03:05:01       1      452.973      49.0000
2011-04-12/03:11:23       2      488.974      82.0000
2011-04-12/03:15:08       3      388.728      33.0000
2011-04-12/03:22:58       4      333.595      57.0000
2011-04-13/03:00:01       1      419.623      5.00000
2011-04-13/03:08:39       2      419.623      3.00000
2011-04-13/03:12:20       3      452.973     0.000000
2011-04-13/03:21:07       4      452.973      1.00000
2011-04-14/03:13:39       2      569.786      15.0000
2011-04-14/03:19:09       3      569.786      6.00000
2011-04-15/02:57:11       1      569.786      1.00000
2011-04-15/03:09:18       2      488.974      3.00000
2011-04-15/03:12:19       3      452.973      2.00000
2011-04-15/03:18:41       4      360.108     0.000000
2011-04-15/04:06:31       5      333.595     0.000000
2011-04-16/02:58:13       1      419.623      176.000
2011-04-16/03:07:39       2      488.974      237.000
2011-04-16/03:10:48       3      488.974      20.0000
2011-04-16/03:17:18       4      452.973      33.0000
2011-04-17/02:58:31       1      388.728      183.000
2011-04-17/03:06:09       2      419.623      148.000
2011-04-17/03:10:11       3      488.974      48.0000
2011-04-17/03:14:48       4      488.974      13.0000
2011-04-18/02:56:29       1      360.108      7.00000
2011-04-18/03:04:59       2      388.728      2.00000
2011-04-18/03:07:48       3      360.108     0.000000
2011-04-18/03:13:38       4      286.282     0.000000
2011-04-19/02:54:08       1      663.954      41.0000
2011-04-19/03:03:59       2      569.786      16.0000
2011-04-19/03:06:00       3      419.623      65.0000
2011-04-19/03:13:18       4      419.623      21.0000
2011-04-20/02:54:50       1      227.590      7.00000
2011-04-20/03:04:09       2      155.270      4.00000
2011-04-20/03:06:58       3      155.270      1.00000
2011-04-20/03:11:19       4      155.270      1.00000
2011-04-20/03:56:08       5      388.728      2.00000
2011-04-21/02:49:11       1      360.108      318.000
2011-04-21/03:00:43       2      360.108      166.000
2011-04-21/03:05:40       3      360.108      88.0000
2011-04-21/03:09:58       4      388.728      5.00000
2011-04-22/02:49:49       1      227.590      1.00000
2011-04-22/03:01:40       2      227.590      2.00000
2011-04-22/03:03:49       3      195.311      1.00000
2011-04-22/03:08:10       4      180.932      1.00000
2011-04-23/02:48:12       1      527.835      869.000
2011-04-23/02:57:59       2      333.595      78.0000
2011-04-23/03:00:48       3      309.034      160.000
2011-04-23/03:06:38       4      245.678      116.000
2011-04-23/03:42:40       5      452.973      20.0000
2011-04-24/02:47:13       1      388.728      334.000
2011-04-24/02:57:16       2      286.282      160.000
2011-04-24/03:00:29       3      286.282      248.000
2011-04-24/03:03:18       4      286.282      249.000
2011-04-24/03:50:19       5      227.590      70.0000
2011-04-25/02:46:51       1      180.932      23.0000
2011-04-25/02:55:10       2      133.248      7.00000
2011-04-25/02:58:11       3      114.350      1.00000
2011-04-25/03:03:20       4      114.350      1.00000
2011-04-25/03:34:01       5      265.204      2.00000
2011-04-26/02:42:11       1      488.974      204.000
2011-04-26/02:53:39       2      527.835      408.000
2011-04-26/02:57:12       3      527.835      17.0000
2011-04-26/03:02:09       4      452.973      11.0000
2011-04-26/03:38:11       5      569.786      46.0000
2011-04-28/02:42:31       1      835.175      81.0000
2011-04-28/02:51:49       2      615.070      176.000
2011-04-28/02:54:50       3      527.835      29.0000
2011-04-28/02:59:40       4      452.973      4.00000
2011-04-29/02:39:40       1      488.974      1.00000
2011-04-29/02:49:11       2      488.974      2.00000
2011-04-29/02:51:48       3      452.973      2.00000
2011-04-29/02:58:30       4      419.623     0.000000
2011-04-29/03:33:11       5      716.723      2.00000
