# CCATi boundary location file: time bndnum yvalue zvalue
2011-09-01/03:44:09       1      663.954      182.000
2011-09-01/04:36:20       2      72.2698      4.00000
2011-09-01/05:02:04       5      569.786      241.000
2011-09-01/05:10:50       6      388.728      98.0000
2011-09-02/04:07:49       1      45.6749      49.0000
2011-09-02/04:39:18       2      18.2440      54.0000
2011-09-02/05:03:29       5      114.350      9.00000
2011-09-02/05:15:21       6      114.350      8.00000
2011-09-03/03:59:01       1      569.786      963.000
2011-09-03/04:46:10       2      114.350      1.00000
2011-09-03/04:57:01       3      72.2698     0.000000
2011-09-03/05:00:38       4      72.2698      13.0000
2011-09-03/05:04:31       5      78.0135      52.0000
2011-09-03/05:15:51       6      84.2137      63.0000
2011-09-04/03:50:58       1      195.311      67.0000
2011-09-04/04:39:39       2      133.248      2.00000
2011-09-04/05:05:19       5      195.311      52.0000
2011-09-04/05:17:58       6      143.838      24.0000
2011-09-05/04:05:28       1      105.931      21.0000
2011-09-05/04:46:19       2      90.9067     0.000000
2011-09-05/05:08:50       5      114.350      5.00000
2011-09-05/05:20:09       6      114.350      49.0000
2011-09-06/04:02:28       1      155.270      15.0000
2011-09-06/04:49:29       2      19.6940      67.0000
2011-09-06/04:58:48       3      333.595      65.0000
2011-09-06/05:08:02       4      360.108      45.0000
2011-09-06/05:11:59       5      265.204      60.0000
2011-09-06/05:23:59       6      309.034      59.0000
2011-09-07/04:09:43       1      26.7415      89.0000
2011-09-07/04:43:20       2      24.7727      65.0000
2011-09-07/05:11:28       5      49.3050      6.00000
2011-09-07/05:31:10       6      72.2698      10.0000
2011-09-08/04:05:18       1      419.623      143.000
2011-09-08/04:52:27       2      114.350      6.00000
2011-09-08/05:15:58       5      155.270      1.00000
2011-09-08/05:29:41       6      123.438      12.0000
2011-09-09/04:12:59       1      210.834      12.0000
2011-09-09/04:54:59       2      167.611      4.00000
2011-09-09/05:06:39       3      90.9067      2.00000
2011-09-09/05:12:48       4      84.2137      3.00000
2011-09-09/05:16:30       5      57.4536      58.0000
2011-09-09/05:37:39       6      84.2137      27.0000
2011-09-10/04:19:09       1      527.835      801.000
2011-09-10/05:00:13       2      143.838      4.00000
2011-09-10/05:17:09       5      360.108      175.000
2011-09-10/05:33:58       6      245.678      31.0000
2011-09-12/04:30:40       1      227.590      4.00000
2011-09-12/05:01:01       2      72.2698      22.0000
2011-09-12/05:11:20       3      57.4536      1.00000
2011-09-12/05:16:30       4      57.4536      7.00000
2011-09-12/05:23:39       5      53.2236      3.00000
2011-09-12/05:39:08       6      49.3050      31.0000
2011-09-13/04:19:09       1      309.034      111.000
2011-09-13/05:03:41       2      42.3121      36.0000
2011-09-13/05:24:39       5      245.678      46.0000
2011-09-13/05:37:31       6      133.248      34.0000
2011-09-14/04:33:32       1      62.0198      49.0000
2011-09-14/05:03:33       2      39.1969      18.0000
2011-09-14/05:26:03       5      62.0198      18.0000
2011-09-14/05:42:08       6      66.9489      91.0000
2011-09-15/04:06:39       1      123.438      3.00000
2011-09-15/05:03:39       2      133.248     0.000000
2011-09-15/05:29:18       5      245.678      6.00000
2011-09-15/05:45:58       6      227.590      3.00000
2011-09-16/04:25:56       1      133.248      7.00000
2011-09-16/05:10:09       2      53.2236      8.00000
2011-09-16/05:18:11       3      53.2236      4.00000
2011-09-16/05:24:29       4      53.2236     0.000000
2011-09-16/05:29:19       5      42.3121      113.000
2011-09-16/05:48:20       6      53.2236      55.0000
2011-09-17/04:29:09       1      388.728      60.0000
2011-09-17/05:09:28       2      155.270     0.000000
2011-09-17/05:20:11       3      123.438      1.00000
2011-09-17/05:26:29       4      133.248     0.000000
2011-09-17/05:33:11       5      114.350      2.00000
2011-09-17/05:52:08       6      123.438      7.00000
2011-09-18/04:49:48       1      133.248      80.0000
2011-09-18/05:16:48       2      62.0198      38.0000
2011-09-18/05:23:06       3      45.6749      18.0000
2011-09-18/05:29:08       4      45.6749      3.00000
2011-09-18/05:35:38       5      42.3121      49.0000
2011-09-18/05:54:11       6      57.4536      74.0000
2011-09-19/04:53:46       1      286.282      16.0000
2011-09-19/05:15:53       2      123.438      5.00000
2011-09-19/05:25:32       3      143.838     0.000000
2011-09-19/05:31:49       4      114.350     0.000000
2011-09-19/05:38:47       5      105.931      5.00000
2011-09-19/06:00:29       6      84.2137      7.00000
2011-09-20/05:03:36       1      195.311      6.00000
2011-09-20/05:19:28       2      114.350      1.00000
2011-09-20/05:24:58       3      114.350      1.00000
2011-09-20/05:35:01       4      84.2137      5.00000
2011-09-20/05:41:38       5      90.9067      14.0000
2011-09-20/05:54:30       6      66.9489      37.0000
2011-09-21/05:02:31       1      488.974      388.000
2011-09-21/05:19:19       2      309.034      63.0000
2011-09-21/05:26:01       3      210.834      63.0000
2011-09-21/05:36:48       4      167.611      47.0000
2011-09-21/05:44:51       5      155.270      400.000
2011-09-21/06:09:58       6      133.248      23.0000
2011-09-22/04:58:01       1      155.270      24.0000
2011-09-22/05:21:51       2      90.9067      5.00000
2011-09-22/05:29:41       3      62.0198      6.00000
2011-09-22/05:37:00       4      62.0198      1.00000
2011-09-22/05:44:01       5      53.2236      24.0000
2011-09-22/06:03:11       6      45.6749      47.0000
2011-09-23/05:08:03       1      360.108      61.0000
2011-09-23/05:24:28       2      245.678      47.0000
2011-09-23/05:31:18       3      333.595      59.0000
2011-09-23/05:40:13       4      286.282      36.0000
2011-09-23/05:46:51       5      309.034      176.000
2011-09-23/06:07:56       6      195.311      30.0000
2011-09-24/05:07:42       1      57.4536      60.0000
2011-09-24/05:27:32       2      45.6749      13.0000
2011-09-24/05:33:50       3      49.3050      5.00000
2011-09-24/05:40:16       4      45.6749      5.00000
2011-09-24/05:46:30       5      49.3050      14.0000
2011-09-24/06:12:33       6      39.1969      202.000
2011-09-26/05:14:09       1      98.1317      23.0000
2011-09-26/05:29:18       2      53.2236      14.0000
2011-09-26/05:35:11       3      57.4536      1.00000
2011-09-26/05:41:09       4      57.4536      6.00000
2011-09-26/05:46:06       5      57.4536      5.00000
2011-09-26/06:18:47       6      98.1317      20.0000
2011-09-27/05:06:01       1      527.835      113.000
2011-09-27/05:30:48       2      114.350      7.00000
2011-09-27/05:48:49       5      419.623      76.0000
2011-09-27/06:12:28       6      419.623      238.000
2011-09-28/05:05:08       1      265.204      13.0000
2011-09-28/05:33:52       2      114.350      3.00000
2011-09-28/05:50:09       5      42.3121      48.0000
2011-09-28/06:15:48       6      57.4536      132.000
2011-09-29/05:13:51       1      452.973      256.000
2011-09-29/05:33:49       2      143.838      3.00000
2011-09-29/05:53:51       5      488.974      26.0000
2011-09-29/06:25:20       6      488.974      74.0000
