# CCATi boundary location file: time bndnum yvalue zvalue
2013-08-01/05:53:32       1      155.270      16.0000
2013-08-01/06:14:50       2      114.350      19.0000
2013-08-01/06:34:20       5      210.834      4.00000
2013-08-01/07:00:11       6      105.931      37.0000
2013-08-02/05:53:17       1      286.282      28.0000
2013-08-02/06:17:48       2      210.834      7.00000
2013-08-02/06:37:30       5      615.070      40.0000
2013-08-02/07:10:28       6      286.282      72.0000
2013-08-03/06:02:31       1      167.611      28.0000
2013-08-03/06:20:08       2      143.838      13.0000
2013-08-03/06:42:58       5      180.932      4.00000
2013-08-03/07:12:11       6      227.590      11.0000
2013-08-04/06:12:31       1      245.678      269.000
2013-08-04/06:26:51       2      388.728      197.000
2013-08-04/06:45:00       5      452.973      24.0000
2013-08-04/07:07:38       6      527.835      233.000
2013-08-05/06:11:20       1      143.838      46.0000
2013-08-05/06:30:37       2      133.248      10.0000
2013-08-05/06:51:19       5      62.0198      12.0000
2013-08-05/07:20:11       6      114.350      19.0000
2013-08-06/06:16:10       1      105.931      221.000
2013-08-06/06:36:08       2      114.350      5.00000
2013-08-06/06:51:20       5      227.590      79.0000
2013-08-06/07:30:40       6      39.1969      1154.00
2013-08-07/06:21:30       1      227.590      1.00000
2013-08-07/06:40:43       2      210.834      5.00000
2013-08-07/06:53:51       5      167.611      6.00000
2013-08-07/07:47:59       6      180.932      7.00000
2013-08-08/06:24:48       1      114.350      12.0000
2013-08-08/06:43:30       2      114.350      3.00000
2013-08-08/07:05:08       5      167.611      17.0000
2013-08-08/07:51:41       6      133.248      5.00000
2013-08-09/06:29:41       1      123.438      153.000
2013-08-09/06:45:46       2      155.270      3.00000
2013-08-09/07:11:41       5      78.0135      7.00000
2013-08-09/07:47:00       6      105.931      41.0000
2013-08-10/06:35:38       1      286.282      54.0000
2013-08-10/06:48:50       2      210.834      21.0000
2013-08-10/07:14:29       5      195.311      20.0000
2013-08-10/07:52:49       6      143.838      21.0000
2013-08-12/06:39:59       1      143.838      25.0000
2013-08-12/06:57:20       2      114.350      12.0000
2013-08-12/07:01:50       3      49.3050      10.0000
2013-08-12/07:08:27       4      57.4536      5.00000
2013-08-12/07:19:51       5      66.9489      12.0000
2013-08-12/08:17:28       6      49.3050      57.0000
2013-08-13/06:41:18       1      143.838      34.0000
2013-08-13/06:57:31       2      114.350      1.00000
2013-08-13/08:17:18       6      78.0135      20.0000
2013-08-14/06:45:31       1      195.311      44.0000
2013-08-14/07:00:11       2      167.611      99.0000
2013-08-14/07:07:09       3      195.311     0.000000
2013-08-14/07:11:10       4      210.834      5.00000
2013-08-14/07:22:30       5      123.438      7.00000
2013-08-14/08:16:50       6      105.931      13.0000
2013-08-15/06:50:47       1      114.350      754.000
2013-08-15/07:03:19       2      114.350      11.0000
2013-08-15/07:07:20       3      527.835      17.0000
2013-08-15/07:12:53       4      527.835      15.0000
2013-08-15/07:25:21       5      452.973      89.0000
2013-08-15/08:13:31       6      452.973      33.0000
2013-08-16/06:46:49       1      167.611      1.00000
2013-08-16/07:03:10       2      143.838      1.00000
2013-08-16/07:08:19       3      155.270      3.00000
2013-08-16/07:12:48       4      133.248      2.00000
2013-08-16/07:28:21       5      114.350      7.00000
2013-08-16/08:16:31       6      114.350      15.0000
2013-08-17/06:49:33       1      452.973      118.000
2013-08-17/07:04:33       2      309.034      105.000
2013-08-17/07:38:31       5      388.728      63.0000
2013-08-17/08:43:30       6      105.931      5.00000
2013-08-18/06:51:38       1      167.611      23.0000
2013-08-18/07:05:38       2      155.270      5.00000
2013-08-18/07:09:39       3      155.270     0.000000
2013-08-18/07:15:41       4      143.838     0.000000
2013-08-18/07:26:00       5      155.270      3.00000
2013-08-18/08:38:21       6      155.270      11.0000
2013-08-19/06:56:51       1      180.932      1.00000
2013-08-19/07:12:47       2      210.834      1.00000
2013-08-19/07:28:48       5      66.9489      5.00000
2013-08-19/08:34:28       6      114.350      4.00000
2013-08-20/06:55:50       1      123.438      36.0000
2013-08-20/07:08:38       2      143.838      12.0000
2013-08-20/07:12:03       3      143.838      1.00000
2013-08-20/07:17:00       4      143.838      1.00000
2013-08-20/07:34:33       5      155.270      5.00000
2013-08-20/08:52:48       6      167.611      9.00000
2013-08-21/06:57:00       1      265.204      18.0000
2013-08-21/07:08:11       2      123.438      21.0000
2013-08-21/07:13:40       3      114.350      2.00000
2013-08-21/07:20:18       4      123.438      1.00000
2013-08-21/07:30:21       5      143.838      5.00000
2013-08-21/09:00:56       6      388.728      5.00000
2013-08-22/06:58:41       1      90.9067      70.0000
2013-08-22/07:13:02       2      143.838      18.0000
2013-08-22/07:17:39       3      167.611      4.00000
2013-08-22/07:20:48       4      167.611      3.00000
2013-08-22/07:39:09       5      195.311      10.0000
2013-08-23/07:00:01       1      388.728     0.000000
2013-08-23/07:15:30       2      388.728      1.00000
2013-08-23/07:18:50       3      388.728      1.00000
2013-08-23/07:22:19       4      419.623     0.000000
2013-08-23/07:38:00       5      388.728     0.000000
2013-08-23/08:57:43       6      180.932      7.00000
2013-08-24/07:00:48       1      49.3050      45.0000
2013-08-24/07:14:20       2      84.2137      27.0000
2013-08-24/07:20:01       3      105.931      4.00000
2013-08-24/07:24:39       4      114.350      2.00000
2013-08-24/07:43:28       5      114.350      5.00000
2013-08-24/09:00:19       6      123.438      3.00000
2013-08-25/07:01:00       1      210.834      4.00000
2013-08-25/07:14:20       2      180.932      4.00000
2013-08-25/07:21:02       3      245.678      2.00000
2013-08-25/07:25:39       4      265.204      3.00000
2013-08-26/07:06:05       1      309.034      124.000
2013-08-26/07:18:01       2      286.282      1.00000
2013-08-26/07:20:42       3      286.282     0.000000
2013-08-26/07:26:48       4      227.590      1.00000
2013-08-26/07:48:10       5      309.034      2.00000
2013-08-26/09:02:00       6      227.590      3.00000
2013-08-27/07:11:30       1      210.834      27.0000
2013-08-27/07:21:09       2      210.834      4.00000
2013-08-27/07:24:58       3      167.611      2.00000
2013-08-27/07:29:20       4      155.270      1.00000
2013-08-27/07:44:00       5      133.248      16.0000
2013-08-28/07:08:07       1      210.834      14.0000
2013-08-28/07:22:19       2      210.834      3.00000
2013-08-28/07:25:16       3      210.834     0.000000
2013-08-28/07:30:29       4      210.834      2.00000
2013-08-29/07:11:48       1      286.282      144.000
2013-08-29/07:25:28       2      245.678      1.00000
2013-08-29/07:54:57       5      90.9067      5.00000
2013-08-30/07:12:28       1      195.311      60.0000
2013-08-30/07:24:11       2      180.932      4.00000
2013-08-30/07:27:00       3      167.611     0.000000
2013-08-30/07:32:18       4      155.270      1.00000
2013-08-30/08:07:08       5      78.0135      7.00000
