# CCATi boundary location file: time bndnum yvalue zvalue
2013-04-14/03:41:00       1      180.932      10.0000
2013-04-14/04:13:21       2      210.834      2.00000
2013-04-14/04:34:51       5      227.590     0.000000
2013-04-14/04:55:17       6      227.590      12.0000
2013-04-15/03:28:31       1      227.590      2.00000
2013-04-15/04:06:58       2      227.590     0.000000
2013-04-15/04:36:58       5      114.350      6.00000
2013-04-15/04:53:43       6      133.248      3.00000
2013-04-16/03:27:09       1      167.611      27.0000
2013-04-16/04:08:09       2      180.932      3.00000
2013-04-16/04:15:11       3      180.932      1.00000
2013-04-16/04:21:49       4      195.311     0.000000
2013-04-16/05:01:28       5      155.270      2.00000
2013-04-17/03:34:06       1      210.834      4.00000
2013-04-17/04:08:55       2      265.204      1.00000
2013-04-17/04:28:09       5      167.611      2.00000
2013-04-17/04:50:59       6      245.678      8.00000
2013-04-18/03:30:39       1      123.438      11.0000
2013-04-18/04:13:39       2      66.9489      3.00000
2013-04-18/04:17:32       3      72.2698      13.0000
2013-04-18/04:22:21       4      72.2698      1.00000
2013-04-18/04:29:19       5      62.0198      6.00000
2013-04-18/04:42:31       6      78.0135      18.0000
2013-04-19/03:20:51       1      210.834      16.0000
2013-04-19/04:08:01       2      227.590      2.00000
2013-04-19/04:30:19       5      36.3110      77.0000
2013-04-19/04:53:58       6      133.248      172.000
2013-04-20/03:27:48       1      155.270      11.0000
2013-04-20/04:06:59       2      143.838      4.00000
2013-04-20/04:27:49       5      265.204      1.00000
2013-04-20/04:48:23       6      286.282     0.000000
2013-04-22/03:22:52       1      167.611      13.0000
2013-04-22/04:07:46       2      105.931      7.00000
2013-04-22/04:23:18       5      114.350      4.00000
2013-04-22/04:49:58       6      195.311      9.00000
2013-04-23/03:22:12       1      167.611      34.0000
2013-04-23/04:05:09       2      155.270      2.00000
2013-04-23/04:24:30       5      84.2137      28.0000
2013-04-23/04:41:19       6      114.350      48.0000
2013-04-24/03:06:01       1      167.611      15.0000
2013-04-24/04:05:50       2      245.678      2.00000
2013-04-24/04:25:51       5      286.282      4.00000
2013-04-24/04:38:19       6      309.034      13.0000
2013-04-25/03:15:59       1      155.270      50.0000
2013-04-25/03:54:01       2      84.2137      8.00000
2013-04-25/04:22:49       5      133.248      5.00000
2013-04-25/04:35:09       6      155.270      15.0000
2013-04-26/03:07:50       1      488.974      4.00000
2013-04-26/04:07:28       2      167.611      7.00000
2013-04-26/04:11:58       3      155.270     0.000000
2013-04-26/04:18:19       4      155.270      12.0000
2013-04-26/04:21:00       5      143.838      14.0000
2013-04-26/04:33:56       6      155.270      1052.00
2013-04-27/03:23:40       1      31.1610      120.000
2013-04-27/03:53:09       2      57.4536      19.0000
2013-04-27/04:21:32       5      167.611      3.00000
2013-04-27/04:34:16       6      286.282      63.0000
