# CCATi boundary location file: time bndnum yvalue zvalue
2013-05-02/03:21:39       1      245.678      4.00000
2013-05-02/03:59:50       2      227.590      2.00000
2013-05-02/04:22:40       5      133.248      13.0000
2013-05-02/04:35:36       6      195.311      19.0000
2013-05-03/03:00:08       1      227.590      10.0000
2013-05-03/03:59:49       2      210.834      2.00000
2013-05-03/04:22:39       5      143.838      9.00000
2013-05-03/04:39:00       6      210.834      99.0000
2013-05-04/02:56:11       1      90.9067      10.0000
2013-05-04/03:55:11       2      90.9067      4.00000
2013-05-04/04:20:58       5      123.438      1.00000
2013-05-04/04:34:18       6      143.838      4.00000
2013-05-05/03:08:29       1      488.974     0.000000
2013-05-05/03:55:51       2      569.786     0.000000
2013-05-05/04:24:39       5      210.834     0.000000
2013-05-05/04:39:39       6      245.678      4.00000
2013-05-06/03:12:43       1      155.270      14.0000
2013-05-06/04:03:10       2      123.438      3.00000
2013-05-06/04:26:08       5      78.0135      11.0000
2013-05-06/04:41:41       6      143.838      395.000
2013-05-08/02:42:01       1      105.931      22.0000
2013-05-08/03:55:51       2      167.611     0.000000
2013-05-08/04:31:09       5      155.270      3.00000
2013-05-08/04:46:01       6      286.282      11.0000
2013-05-09/03:14:31       1      245.678      4.00000
2013-05-09/03:56:39       2      195.311      2.00000
2013-05-09/04:28:28       5      143.838      2.00000
2013-05-09/04:44:21       6      180.932      6.00000
2013-05-10/03:12:21       1      333.595      2.00000
2013-05-10/03:56:50       2      388.728      1.00000
2013-05-10/04:32:29       5      210.834      3.00000
2013-05-10/04:42:28       6      210.834      23.0000
2013-05-12/02:53:01       1      286.282     0.000000
2013-05-12/04:02:10       2      167.611      4.00000
2013-05-12/04:34:11       5      309.034      2.00000
2013-05-12/04:47:19       6      309.034      7.00000
2013-05-13/03:56:51       2      180.932      3.00000
2013-05-13/04:35:10       5      167.611     0.000000
2013-05-13/04:48:10       6      210.834      19.0000
2013-05-14/03:02:48       1      90.9067      23.0000
2013-05-14/04:01:01       2      66.9489      19.0000
2013-05-14/04:37:28       5      195.311     0.000000
2013-05-14/04:49:08       6      210.834      6.00000
2013-05-15/03:27:00       1      167.611      27.0000
2013-05-15/04:07:19       2      195.311      7.00000
2013-05-15/04:36:40       5      227.590      4.00000
2013-05-15/04:51:00       6      227.590      63.0000
2013-05-16/03:07:22       1      133.248      6.00000
2013-05-16/03:59:01       2      78.0135      12.0000
2013-05-16/04:38:00       5      309.034      1.00000
2013-05-16/04:49:48       6      195.311      20.0000
2013-05-17/04:01:39       2      309.034     0.000000
2013-05-17/04:44:59       5      286.282      2.00000
2013-05-17/04:55:38       6      245.678      8.00000
2013-05-18/03:57:38       2      133.248      2.00000
2013-05-18/04:42:11       5      773.685      1.00000
2013-05-18/04:54:31       6      773.685      7.00000
2013-05-19/03:55:59       2      49.3050      20.0000
2013-05-19/04:43:01       5      265.204     0.000000
2013-05-19/04:56:16       6      227.590      1.00000
2013-05-21/02:56:20       1      245.678      2.00000
2013-05-21/04:04:28       2      195.311      4.00000
2013-05-21/04:45:40       5      227.590      15.0000
2013-05-21/04:54:39       6      155.270      9.00000
2013-05-22/04:14:09       2      180.932      3.00000
2013-05-22/04:43:50       5      72.2698      4.00000
2013-05-22/04:58:26       6      167.611      64.0000
2013-05-23/03:14:00       1      45.6749      66.0000
2013-05-23/04:02:30       2      28.8668      46.0000
2013-05-23/04:47:39       5      114.350      3.00000
2013-05-23/04:58:10       6      167.611      20.0000
2013-05-24/03:13:43       1      133.248      25.0000
2013-05-24/04:06:19       2      105.931      5.00000
2013-05-24/04:49:19       5      333.595      2.00000
2013-05-24/05:00:38       6      333.595      11.0000
2013-05-25/03:09:21       1      143.838      5.00000
2013-05-25/04:09:59       2      84.2137      15.0000
2013-05-25/04:51:39       5      452.973     0.000000
2013-05-25/05:00:29       6      488.974      1.00000
2013-05-26/03:02:49       1      66.9489      14.0000
2013-05-26/03:59:50       2      84.2137      15.0000
2013-05-26/04:49:00       5      143.838      3.00000
2013-05-26/05:02:49       6      180.932      25.0000
2013-05-27/03:11:00       1      105.931      34.0000
2013-05-27/04:05:00       2      66.9489      17.0000
2013-05-27/04:53:51       5      167.611      4.00000
2013-05-27/05:05:38       6      210.834      11.0000
2013-05-28/04:01:00       2      901.551      2.00000
2013-05-28/04:54:48       5      265.204     0.000000
2013-05-28/05:07:31       6      286.282      17.0000
2013-05-29/03:19:12       1      98.1317      16.0000
2013-05-29/04:14:40       2      78.0135      5.00000
2013-05-29/04:56:21       5      114.350      7.00000
2013-05-29/05:07:40       6      155.270      27.0000
2013-05-30/03:13:50       1      105.931      8.00000
2013-05-30/04:13:32       2      66.9489      8.00000
2013-05-30/04:55:28       5      66.9489      13.0000
2013-05-30/05:08:12       6      114.350      27.0000
