# CCATi boundary location file: time bndnum yvalue zvalue
2011-02-01/01:15:21       1      488.974      1.00000
2011-02-01/01:33:19       2      309.034      2.00000
2011-02-01/02:36:11       3      3418.90 7.35001e-026
2011-02-01/01:57:47       4      831.700    0.0181291
2011-02-01/01:39:28       5      716.723      1.00000
2011-02-02/02:08:48       1      49.3050      479.000
2011-02-02/02:47:11       2      28.8668      72.0000
Marcar PEB
2011-02-02/02:59:43       5      42.3121      4.00000
Marcar MPB
2011-02-02/03:22:30       6      45.6749      56.0000
2011-02-03/02:20:58       1      114.350      11.0000
2011-02-03/02:50:19       2      133.248      2.00000
2011-02-03/03:02:58       5      57.4536      21.0000
2011-02-03/03:22:28       6      84.2137      58.0000
2011-02-04/02:14:41       1      452.973      113.000
2011-02-04/02:49:39       2      286.282      90.0000
2011-02-04/03:02:59       5      143.838      9.00000
2011-02-04/03:19:32       6      210.834      20.0000
2011-02-05/02:11:19       1      143.838      7.00000
2011-02-05/02:52:39       2      72.2698      14.0000
Marcar PEB?
2011-02-05/03:02:42       5      265.204     0.000000
2011-02-05/03:23:40       6      265.204      6.00000
2011-02-06/02:18:00       1      114.350      18.0000
2011-02-06/02:47:09       2      143.838      5.00000
2011-02-06/03:06:31       5      (talvez n marcar) 
2011-02-06/03:28:21       6      98.1317      22.0000
2011-02-07/02:22:49       1      716.723      244.000
2011-02-07/02:51:49       2      180.932      47.0000
Marcar PEB
2011-02-07/03:07:30       5      15.6565      75.0000
2011-02-07/03:26:51       6      21.2592      81.0000
2011-02-08/02:24:29       1      227.590      5.00000
2011-02-08/02:53:21       2      155.270      12.0000
2011-02-08/03:06:20       5      (talvez n marcar) 
2011-02-08/03:28:59       6      66.9489      38.0000
2011-02-09/02:29:18       1      360.108      149.000
2011-02-09/02:55:21       2      180.932      8.00000
2011-02-09/03:08:09       5      309.034      81.0000
2011-02-09/03:30:08       6      333.595      49.0000
2011-02-10/02:34:39       1      227.590      2.00000
2011-02-10/02:53:29       2      210.834     0.000000
Marcar PEB
2011-02-10/03:09:29       5      33.6376      41.0000
2011-02-10/03:38:21       6      84.2137      11.0000
2011-02-11/02:33:18       1      452.973      212.000
2011-02-11/02:58:49       2      286.282      46.0000
2011-02-11/03:07:59       5      333.595      24.0000
2011-02-11/03:38:08       6      309.034      120.000
2011-02-12/02:38:01       1      105.931      4.00000
2011-02-12/02:54:01       2      105.931      3.00000
2011-02-12/03:13:11       5      36.3110      30.0000
2011-02-12/03:36:21       6      78.0135      23.0000
2011-02-14/02:38:20       1      360.108      169.000
2011-02-14/03:01:02       2      227.590      41.0000
2011-02-14/03:13:58       5      114.350      7.00000
2011-02-14/03:45:48       6      210.834      134.000
2011-02-15/02:34:18       1      245.678      11.0000
2011-02-15/02:59:49       2      245.678      3.00000
2011-02-15/03:18:59       5      45.6749      19.0000
2011-02-15/03:50:40       6      133.248      33.0000
2011-02-16/02:42:19       1      773.685      540.000
2011-02-16/03:01:13       2      527.835      42.0000
2011-02-16/03:17:38       5      527.835      44.0000
2011-02-16/03:46:06       6      527.835      216.000
2011-02-17/02:40:41       1      333.595      7.00000
2011-02-17/03:05:57       2      286.282     0.000000
2011-02-17/03:15:59       5      388.728      2.00000
2011-02-17/03:50:58       6      360.108      6.00000
2011-02-18/02:42:38       1      615.070      205.000
2011-02-18/03:07:37       2      527.835      30.0000
2011-02-18/03:14:19       5      360.108      31.0000
2011-02-18/03:48:29       6      360.108      766.000
2011-02-19/02:41:03       1      195.311      454.000
2011-02-19/03:06:31       2      210.834     0.000000
2011-02-19/03:15:58       5      901.551     0.000000
2011-02-19/03:50:48       6      835.175      1.00000
2011-02-21/02:49:18       1      452.973      54.0000
2011-02-21/03:06:11       2      419.623      20.0000
2011-02-21/03:22:19       5      210.834      46.0000
2011-02-21/03:54:21       6      195.311      14.0000
2011-02-22/02:39:01       1      155.270      10.0000
2011-02-22/03:07:57       2      143.838      11.0000
2011-02-22/03:20:49       5      66.9489      4.00000
2011-02-22/04:09:11       6      167.611      11.0000
2011-02-23/02:31:50       1      488.974      64.0000
2011-02-23/03:06:32       2      419.623      53.0000
2011-02-23/03:22:09       5      419.623      14.0000
2011-02-24/02:49:18       1      155.270      124.000
2011-02-24/03:11:28       2      123.438      5.00000
2011-02-24/03:27:41       5      155.270     0.000000
2011-02-24/04:06:40       6      286.282      4.00000
2011-02-25/02:47:41       1      452.973      50.0000
2011-02-25/03:10:40       2      114.350      15.0000
2011-02-25/03:23:08       5      66.9489      5.00000
2011-02-25/04:13:10       6      114.350      113.000
2011-02-26/02:52:30       1      286.282      2.00000
2011-02-26/03:11:39       2      286.282     0.000000
2011-02-26/03:27:48       5      26.7415      16.0000
2011-02-26/04:08:52       6      62.0198      88.0000
2011-02-27/02:59:00       1      133.248      2.00000
2011-02-27/03:09:39       2      143.838      6.00000
2011-02-27/03:29:00       5      167.611      6.00000
2011-02-27/04:20:31       6      210.834      2.00000
