# CCATi boundary location file: time bndnum yvalue zvalue
2011-02-01/02:12:10       1      90.9067      129.000
2011-02-01/02:47:49       2      49.3050      11.0000
2011-02-01/02:59:48       5      22.9488      50.0000
2011-02-01/03:19:10       6      45.6749      62.0000
2011-02-02/02:08:48       1      452.973      763.000
2011-02-02/02:47:11       2      245.678      146.000
2011-02-02/02:51:21       3      265.204      17.0000
2011-02-02/02:57:03       4      309.034      14.0000
2011-02-02/02:59:51       5      360.108      11.0000
2011-02-02/03:22:18       6      419.623      78.0000
2011-02-03/02:21:38       1      114.350      23.0000
2011-02-03/02:46:58       2      78.0135      6.00000
2011-02-03/03:02:30       5      78.0135      13.0000
2011-02-03/03:22:20       6      62.0198      130.000
2011-02-04/02:16:18       1      265.204      778.000
2011-02-04/02:46:50       2      360.108      115.000
2011-02-04/02:53:00       3      360.108      6.00000
2011-02-04/02:59:30       4      419.623      7.00000
2011-02-04/03:02:31       5      419.623      14.0000
2011-02-04/03:19:32       6      663.954      212.000
2011-02-05/02:11:19       1      114.350      17.0000
2011-02-05/02:49:38       2      180.932      13.0000
2011-02-05/02:55:31       3      180.932     0.000000
2011-02-05/03:00:57       4      195.311     0.000000
2011-02-05/03:02:50       5      227.590     0.000000
2011-02-05/03:23:40       6      360.108      4.00000
2011-02-06/02:18:00       1      84.2137      23.0000
2011-02-06/02:46:41       2      66.9489      6.00000
2011-02-06/03:06:10       5      39.1969      25.0000
2011-02-06/03:28:09       6      98.1317      24.0000
2011-02-07/02:23:21       1      180.932      38.0000
2011-02-07/02:49:01       2      133.248      21.0000
2011-02-07/02:55:30       3      210.834      47.0000
2011-02-07/03:03:00       4      227.590      65.0000
2011-02-07/03:08:10       5      360.108      46.0000
2011-02-07/03:26:51       6      488.974      128.000
2011-02-08/02:25:13       1      66.9489      21.0000
2011-02-08/02:50:16       2      286.282     0.000000
2011-02-08/03:12:30       5      180.932      34.0000
2011-02-08/03:29:39       6      265.204      4.00000
2011-02-09/02:29:26       1      527.835      209.000
2011-02-09/02:51:56       2      180.932      5.00000
2011-02-09/03:11:22       5      78.0135      11.0000
2011-02-09/03:30:48       6      98.1317      11.0000
2011-02-10/02:34:39       1      210.834     0.000000
2011-02-10/02:50:48       2      286.282      1.00000
2011-02-10/02:57:18       3      333.595      3.00000
2011-02-10/03:06:40       4      286.282      2.00000
2011-02-10/03:13:02       5      309.034     0.000000
2011-02-10/03:38:29       6      265.204     0.000000
2011-02-11/02:33:18       1      210.834      21.0000
2011-02-11/02:55:28       2      167.611      7.00000
2011-02-11/03:11:08       5      360.108      160.000
2011-02-12/02:37:49       1      105.931      2.00000
2011-02-12/02:54:01       2      155.270      1.00000
2011-02-12/02:59:31       3      167.611     0.000000
2011-02-12/03:09:58       4      227.590      4.00000
2011-02-12/03:13:11       5      210.834      1.00000
2011-02-12/03:36:29       6      419.623     0.000000
2011-02-14/02:38:40       1      569.786      85.0000
2011-02-14/02:57:58       2      388.728      48.0000
2011-02-14/03:16:59       5      210.834      64.0000
2011-02-14/03:45:40       6      143.838      54.0000
2011-02-15/02:34:10       1      195.311      9.00000
2011-02-15/02:56:20       2      167.611      10.0000
2011-02-15/03:18:30       5      78.0135      7.00000
2011-02-15/03:51:00       6      123.438      38.0000
2011-02-16/02:41:59       1      488.974      153.000
2011-02-16/02:58:33       2      333.595      204.000
2011-02-16/03:04:30       3      333.595      57.0000
2011-02-16/03:13:49       4      615.070      10.0000
2011-02-16/03:17:18       5      663.954      38.0000
2011-02-16/03:44:58       6      663.954      679.000
2011-02-17/02:43:18       1      419.623      2.00000
2011-02-17/03:03:11       2      419.623      1.00000
2011-02-17/03:15:19       5      31.1610      15.0000
2011-02-17/03:51:18       6      36.3110      182.000
2011-02-18/02:42:02       1      210.834      22.0000
2011-02-18/03:04:48       2      133.248      8.00000
2011-02-18/03:14:19       5      419.623      20.0000
2011-02-18/03:46:20       6      265.204      284.000
2011-02-19/02:41:27       1      360.108      42.0000
2011-02-19/03:03:01       2      245.678      6.00000
2011-02-19/03:16:18       5      155.270      16.0000
2011-02-19/03:50:48       6      45.6749      72.0000
2011-02-21/02:50:30       1      716.723      157.000
2011-02-21/03:03:10       2      716.723      17.0000
2011-02-21/03:28:41       5      452.973      86.0000
2011-02-21/04:06:00       6      569.786      31.0000
2011-02-22/02:39:21       1      265.204      16.0000
2011-02-22/03:04:40       2      245.678      1.00000
2011-02-22/03:07:49       3      286.282      4.00000
2011-02-22/03:21:01       4      388.728     0.000000
2011-02-22/03:27:31       5      360.108      1.00000
2011-02-22/04:08:59       6      33.6376      77.0000
2011-02-23/02:31:42       1      388.728      77.0000
2011-02-23/03:06:32       2      901.551      10.0000
2011-02-23/03:25:58       5      333.595      12.0000
2011-02-24/02:48:46       1      167.611      7.00000
2011-02-24/03:08:19       2      180.932      3.00000
2011-02-24/03:28:01       5      78.0135      16.0000
2011-02-24/04:06:08       6      39.1969      114.000
2011-02-25/02:47:41       1      265.204      65.0000
2011-02-25/03:09:52       2      98.1317      17.0000
2011-02-25/03:13:29       3      90.9067      1.00000
2011-02-25/03:19:10       4      72.2698      1.00000
2011-02-25/03:23:00       5      72.2698      6.00000
2011-02-25/04:13:50       6      388.728      90.0000
2011-02-26/02:52:18       1      180.932      11.0000
2011-02-26/03:08:30       2      210.834      3.00000
2011-02-26/03:28:00       5      84.2137     0.000000
2011-02-26/04:09:28       6      360.108      1.00000
2011-02-27/02:59:00       1      309.034      3.00000
2011-02-27/03:10:11       2      286.282      1.00000
2011-02-27/03:15:08       3      419.623      1.00000
2011-02-27/03:26:00       4      569.786     0.000000
2011-02-27/03:32:41       5      773.685      2.00000
2011-02-27/04:20:11       6      488.974     0.000000
