# CCATi boundary location file: time bndnum yvalue zvalue
2013-03-01/04:54:09       1      98.1317      74.0000
2013-03-01/05:02:31       2      114.350      9.00000
2013-03-01/05:06:08       3      123.438      1.00000
2013-03-01/05:10:42       4      133.248     0.000000
2013-03-01/05:50:38       5      167.611      17.0000
2013-03-02/04:50:39       1      143.838      216.000
2013-03-02/05:01:58       2      143.838      6.00000
2013-03-02/05:02:46       3      123.438      2.00000
2013-03-02/05:07:48       4      155.270     0.000000
2013-03-02/05:46:39       5      155.270      5.00000
2013-03-03/04:47:26       1      210.834      43.0000
2013-03-03/05:00:10       2      155.270      26.0000
2013-03-03/05:01:38       3      143.838      1.00000
2013-03-03/05:08:40       4      195.311      40.0000
2013-03-03/05:49:00       5      90.9067      10.0000
2013-03-04/04:46:59       1      527.835      2.00000
2013-03-04/05:00:31       2      615.070      1.00000
2013-03-04/05:02:28       3      615.070      3.00000
2013-03-04/05:06:09       4      663.954     0.000000
2013-03-04/05:20:09       5      773.685      1.00000
2013-03-06/04:46:48       1      227.590      17.0000
2013-03-06/04:56:38       2      195.311      11.0000
2013-03-06/05:00:48       3      195.311      4.00000
2013-03-06/05:06:01       4      210.834      2.00000
2013-03-06/05:27:08       5      265.204      11.0000
2013-03-07/04:41:58       1      388.728      208.000
2013-03-07/04:58:18       2      333.595      455.000
2013-03-07/05:07:41       5      333.595      51.0000
2013-03-08/04:35:29       1      227.590      11.0000
2013-03-08/04:51:21       2      333.595      2.00000
2013-03-08/04:57:27       3      333.595      3.00000
2013-03-08/05:03:29       4      333.595      1.00000
2013-03-08/05:06:58       5      309.034     0.000000
2013-03-09/04:42:49       1      155.270      3.00000
2013-03-09/04:55:28       2      133.248      1.00000
2013-03-09/05:04:03       3      143.838      3.00000
2013-03-09/05:10:20       4      167.611      26.0000
2013-03-09/05:15:18       5      195.311      39.0000
2013-03-09/06:37:58       6      195.311      20.0000
2013-03-10/04:38:08       1      195.311      44.0000
2013-03-10/04:51:48       2      155.270      10.0000
2013-03-10/05:07:20       5      360.108      18.0000
2013-03-11/04:34:51       1      180.932      20.0000
2013-03-11/04:51:40       2      210.834      3.00000
2013-03-11/04:55:09       3      227.590     0.000000
2013-03-11/05:00:38       4      245.678     0.000000
2013-03-11/05:08:41       5      309.034      1.00000
2013-03-11/06:20:06       6      155.270      7.00000
2013-03-12/04:42:20       1      309.034      547.000
2013-03-12/04:51:38       2      309.034      250.000
2013-03-12/05:11:28       5      569.786      40.0000
2013-03-12/06:19:12       6      286.282      220.000
2013-03-13/04:39:59       1      84.2137      97.0000
2013-03-13/04:50:18       2      123.438      26.0000
2013-03-13/04:54:03       3      133.248     0.000000
2013-03-13/04:57:48       4      155.270     0.000000
2013-03-13/05:11:00       5      210.834      3.00000
2013-03-13/06:44:28       6      195.311      8.00000
2013-03-14/04:36:10       1      419.623      206.000
2013-03-14/04:48:29       2      388.728      184.000
2013-03-14/04:53:51       3      388.728      46.0000
2013-03-14/04:58:28       4      527.835      2.00000
2013-03-14/05:06:58       5      527.835      23.0000
2013-03-14/06:11:29       6      569.786      61.0000
2013-03-15/04:36:10       1      265.204      3.00000
2013-03-15/04:45:28       2      265.204      1.00000
2013-03-15/04:50:01       3      333.595      1.00000
2013-03-15/04:57:00       4      419.623      3.00000
2013-03-15/05:08:19       5      452.973     0.000000
2013-03-15/06:15:39       6      663.954     0.000000
2013-03-16/04:32:50       1      245.678      33.0000
2013-03-16/04:45:46       2      333.595      79.0000
2013-03-16/04:52:28       3      333.595      61.0000
2013-03-16/04:56:29       4      388.728      39.0000
2013-03-16/05:05:48       5      419.623      30.0000
2013-03-16/06:15:48       6      11.8206          NaN
