# CCATi boundary location file: time bndnum yvalue zvalue
2013-07-01/04:26:02       1      98.1317      106.000
2013-07-01/05:09:39       2      98.1317      13.0000
2013-07-01/05:39:00       5      195.311      5.00000
2013-07-01/05:51:08       6      245.678      78.0000
2013-07-02/04:23:39       1      98.1317      51.0000
2013-07-02/05:14:30       2      57.4536      14.0000
2013-07-02/05:39:57       5      90.9067      1.00000
2013-07-02/05:57:18       6      155.270      1.00000
2013-07-03/04:16:41       1      105.931      5.00000
2013-07-03/05:18:31       2      66.9489      2.00000
2013-07-03/05:40:58       5      123.438     0.000000
2013-07-03/05:55:01       6      123.438      5.00000
2013-07-04/04:41:08       1      210.834      9.00000
2013-07-04/05:17:19       2      84.2137      15.0000
2013-07-04/05:42:10       5      210.834      6.00000
2013-07-04/05:52:50       6      195.311      10.0000
2013-07-05/04:42:39       1      114.350      20.0000
2013-07-05/05:25:00       2      90.9067      6.00000
2013-07-05/05:44:29       5      98.1317      6.00000
2013-07-05/05:59:30       6      143.838      4.00000
2013-07-06/04:46:11       1      98.1317      33.0000
2013-07-06/05:25:51       2      78.0135      1.00000
2013-07-06/05:45:28       5      210.834     0.000000
2013-07-06/05:58:08       6      180.932      10.0000
2013-07-07/04:42:10       1      45.6749      54.0000
2013-07-07/05:17:28       2      42.3121      27.0000
2013-07-07/05:45:49       5      66.9489      4.00000
2013-07-07/06:01:49       6      114.350      86.0000
2013-07-08/04:42:49       1      133.248      6.00000
2013-07-08/05:27:50       2      84.2137      6.00000
2013-07-08/05:47:11       5      155.270      5.00000
2013-07-08/06:03:16       6      133.248      24.0000
2013-06-09/03:25:20       1      195.311      10.0000
2013-06-09/04:28:51       2      180.932      3.00000
2013-06-09/05:10:27       5      133.248      22.0000
2013-06-09/05:20:18       6      143.838      119.000
2013-07-10/05:27:01       2      72.2698      4.00000
2013-07-10/05:56:29       5      265.204      5.00000
2013-07-10/06:09:33       6      210.834      17.0000
2013-07-11/04:46:49       1      57.4536      203.000
2013-07-11/05:31:18       2      62.0198      5.00000
2013-07-11/05:54:00       5      62.0198      7.00000
2013-07-11/06:10:49       6      57.4536      128.000
2013-07-12/04:51:00       1      419.623     0.000000
2013-07-12/05:32:49       2      488.974      1.00000
2013-07-12/05:58:33       5      265.204     0.000000
2013-07-13/05:01:19       1      388.728      1.00000
2013-07-13/05:34:08       2      245.678     0.000000
2013-07-13/05:57:27       5      66.9489      6.00000
2013-07-13/06:15:00       6      66.9489      4.00000
2013-07-14/04:53:08       1      123.438      4.00000
2013-07-14/05:28:51       2      123.438      2.00000
2013-07-14/05:58:31       5      419.623      1.00000
2013-07-14/06:15:16       6      527.835      2.00000
2013-07-15/05:05:11       1      143.838      31.0000
2013-07-15/05:39:50       2      24.7727      79.0000
2013-07-15/05:58:59       5      53.2236      10.0000
2013-07-15/06:21:17       6      62.0198      709.000
2013-07-16/04:59:11       1      133.248      4.00000
2013-07-16/05:46:30       2      49.3050      13.0000
2013-07-16/05:59:26       5      167.611      9.00000
2013-07-16/06:22:40       6      143.838      7.00000
2013-07-17/05:10:10       1      195.311      2.00000
2013-07-17/05:42:08       2      133.248      3.00000
2013-07-17/06:01:09       5      66.9489      13.0000
2013-07-17/06:20:19       6      72.2698      16.0000
2013-07-18/05:11:11       1      72.2698      13.0000
2013-07-18/05:40:19       2      39.1969      83.0000
2013-07-18/06:03:10       5      123.438      5.00000
2013-07-18/06:21:31       6      143.838      7.00000
2013-07-19/05:14:29       1      98.1317      6.00000
2013-07-19/05:43:29       2      72.2698      11.0000
2013-07-19/06:07:16       5      84.2137      17.0000
2013-07-19/06:29:11       6      78.0135      21.0000
2013-07-20/05:09:58       1      286.282      6.00000
2013-07-20/05:45:49       2      210.834      4.00000
2013-07-20/06:08:11       5      78.0135      11.0000
2013-07-20/06:24:08       6      78.0135      58.0000
2013-07-21/05:27:21       1      716.723      244.000
2013-07-21/05:47:11       2      569.786      44.0000
2013-07-21/06:06:13       5      452.973      24.0000
2013-07-21/06:26:27       6      488.974      37.0000
2013-07-22/05:15:21       1      155.270      7.00000
2013-07-22/05:49:48       2      66.9489      9.00000
2013-07-22/05:57:30       3      615.070      1.00000
2013-07-22/06:05:20       4      615.070     0.000000
2013-07-22/06:08:41       5      663.954      1.00000
2013-07-22/06:28:19       6      901.551      5.00000
2013-07-23/05:20:36       1      615.070      18.0000
2013-07-23/05:53:30       2      388.728      56.0000
2013-07-23/06:11:59       5      773.685      15.0000
2013-07-23/06:33:29       6      901.551      18.0000
2013-07-24/05:26:41       1      663.954     0.000000
2013-07-24/05:55:10       2      452.973     0.000000
2013-07-24/05:59:19       3      419.623     0.000000
2013-07-24/06:10:10       4      388.728     0.000000
2013-07-24/06:14:11       5      419.623     0.000000
2013-07-24/06:34:01       6      569.786     0.000000
2013-07-25/05:33:10       1      133.248      38.0000
2013-07-25/05:55:40       2      114.350      5.00000
2013-07-25/06:01:50       3      143.838      1.00000
2013-07-25/06:10:01       4      143.838     0.000000
2013-07-25/06:14:50       5      143.838      4.00000
2013-07-25/06:31:11       6      155.270      22.0000
2013-07-26/05:29:59       1      143.838      32.0000
2013-07-26/05:55:19       2      114.350      28.0000
2013-07-26/06:02:49       3      123.438      4.00000
2013-07-26/06:09:39       4      123.438     0.000000
2013-07-26/06:14:12       5      143.838      8.00000
2013-07-26/06:43:49       6      195.311      16.0000
2013-07-27/05:29:09       1      452.973      506.000
2013-07-27/05:58:10       2      333.595      54.0000
2013-07-27/06:03:59       3      388.728      41.0000
2013-07-27/06:12:22       4      419.623      7.00000
2013-07-27/06:18:48       5      419.623      257.000
2013-07-27/06:42:39       6      333.595      132.000
2013-07-28/05:23:18       1      98.1317      9.00000
2013-07-28/05:58:09       2      49.3050      46.0000
2013-07-28/06:04:10       3      45.6749      16.0000
2013-07-28/06:15:30       4      45.6749      10.0000
2013-07-28/06:18:19       5      39.1969      12.0000
2013-07-28/06:46:51       6      90.9067      220.000
2013-07-29/05:30:31       1      663.954      10.0000
2013-07-29/05:59:19       2      286.282      23.0000
2013-07-29/06:21:50       5      452.973      19.0000
2013-07-29/06:56:40       6      227.590      11.0000
2013-07-30/05:41:48       1      114.350      31.0000
2013-07-30/06:04:18       2      84.2137      2.00000
2013-07-30/06:26:28       5      84.2137      10.0000
2013-07-30/06:56:37       6      195.311      50.0000
