# CCATi boundary location file: time bndnum yvalue zvalue
2013-01-01/04:19:49       1      84.2137      104.000
2013-01-01/04:32:21       2      90.9067     0.000000
2013-01-01/04:35:50       3      286.282     0.000000
2013-01-01/04:45:40       4      286.282     0.000000
2013-01-01/04:56:59       5      360.108      2.00000
2013-01-01/05:30:01       6      419.623     0.000000
2013-01-02/04:19:28       1      488.974      52.0000
2013-01-02/04:35:41       2      419.623      61.0000
2013-01-02/04:45:40       5      615.070      5.00000
2013-01-02/05:48:18       6      360.108      247.000
2013-01-03/04:20:01       1      245.678      1.00000
2013-01-03/04:35:49       2      245.678      1.00000
2013-01-03/04:39:58       3      245.678      2.00000
2013-01-03/04:44:48       4      245.678     0.000000
2013-01-03/05:04:01       5      227.590      1.00000
2013-01-03/05:51:11       6      180.932      3.00000
2013-01-04/04:20:11       1      286.282      150.000
2013-01-04/04:39:01       2      180.932      2.00000
2013-01-04/04:49:40       5      488.974      14.0000
2013-01-04/05:56:28       6      488.974      77.0000
2013-01-05/04:23:28       1      245.678      7.00000
2013-01-05/04:40:01       2      286.282      1.00000
2013-01-05/04:42:49       3      309.034      1.00000
2013-01-05/04:46:51       4      309.034      1.00000
2013-01-05/04:50:40       5      333.595      1.00000
2013-01-06/04:27:21       1      123.438      7.00000
2013-01-06/04:40:08       2      114.350      10.0000
2013-01-06/04:43:49       3      114.350      2.00000
2013-01-06/04:50:11       4      114.350      2.00000
2013-01-06/04:58:42       5      143.838      4.00000
2013-01-06/06:12:59       6      98.1317      41.0000
2013-01-07/04:27:59       1      569.786      69.0000
2013-01-07/04:38:58       2      569.786      101.000
2013-01-07/04:41:39       3      569.786      10.0000
2013-01-07/04:52:10       4      419.623      17.0000
2013-01-07/05:04:30       5      452.973      30.0000
2013-01-07/06:16:51       6      167.611      23.0000
2013-01-08/04:30:08       1      245.678      4.00000
2013-01-08/04:41:48       2      195.311      2.00000
2013-01-08/04:45:53       3      195.311      1.00000
2013-01-08/04:53:11       4      180.932     0.000000
2013-01-08/05:07:11       5      143.838      2.00000
2013-01-09/04:19:09       1      210.834      12.0000
2013-01-09/04:44:08       2      227.590      20.0000
2013-01-09/04:46:49       3      245.678      36.0000
2013-01-09/04:54:19       4      245.678      33.0000
2013-01-09/05:12:12       5      309.034      34.0000
2013-01-10/04:32:26       1      227.590      1.00000
2013-01-10/04:45:18       2      180.932      2.00000
2013-01-10/04:48:31       3      180.932      2.00000
2013-01-10/04:55:21       4      167.611      2.00000
2013-01-10/05:02:27       5      180.932      2.00000
2013-01-10/06:21:38       6      123.438      3.00000
2013-01-11/04:34:30       1      105.931      55.0000
2013-01-11/04:46:50       2      105.931      9.00000
2013-01-11/04:49:59       3      105.931      1.00000
2013-01-11/04:57:49       4      114.350      1.00000
2013-01-11/05:18:43       5      227.590      62.0000
2013-01-12/04:37:08       1      143.838      130.000
2013-01-12/04:46:51       2      195.311      3.00000
2013-01-12/04:50:08       3      210.834     0.000000
2013-01-12/04:59:18       4      210.834     0.000000
2013-01-12/05:24:21       5      452.973      1.00000
2013-01-13/04:37:51       1      452.973      4.00000
2013-01-13/04:48:18       2      488.974     0.000000
2013-01-13/04:51:43       3      527.835     0.000000
2013-01-13/04:57:29       4      615.070      1.00000
2013-01-13/05:14:50       5      835.175      1.00000
2013-01-13/06:39:39       6      615.070      4.00000
2013-01-14/04:44:21       1      78.0135      50.0000
2013-01-14/04:51:19       2      78.0135      40.0000
2013-01-14/04:54:28       3      78.0135      6.00000
2013-01-14/04:59:49       4      84.2137      3.00000
2013-01-14/05:13:13       5      72.2698      7.00000
2013-01-15/04:40:27       1      143.838      13.0000
2013-01-15/04:52:46       2      123.438      29.0000
2013-01-15/04:57:43       3      123.438      1.00000
2013-01-15/05:02:01       4      143.838      6.00000
2013-01-15/05:37:31       5      210.834      4.00000
2013-01-16/04:42:00       1      773.685      52.0000
2013-01-16/04:55:00       2      716.723      29.0000
2013-01-16/04:57:49       3      716.723      5.00000
2013-01-16/05:04:51       4      716.723     0.000000
2013-01-17/04:43:59       1      569.786     0.000000
2013-01-17/04:57:51       2      488.974     0.000000
2013-01-17/05:00:48       3      527.835     0.000000
2013-01-17/05:04:29       4      527.835     0.000000
2013-01-17/05:23:50       5      663.954     0.000000
2013-01-17/06:40:21       6      773.685     0.000000
2013-01-18/04:45:21       1      569.786      278.000
2013-01-18/04:56:53       2      569.786      469.000
2013-01-18/04:59:49       3      569.786      14.0000
2013-01-18/05:05:59       4      615.070      6.00000
2013-01-19/04:48:38       1      195.311      64.0000
2013-01-19/04:58:57       2      180.932      6.00000
2013-01-19/05:01:58       3      167.611      2.00000
2013-01-19/05:08:48       4      195.311     0.000000
2013-01-20/04:49:51       1      245.678      6.00000
2013-01-20/05:00:09       2      286.282      4.00000
2013-01-20/05:04:39       3      265.204      1.00000
2013-01-20/05:09:00       4      245.678      3.00000
2013-01-20/05:45:27       5      245.678      3.00000
2013-01-21/04:50:20       1      716.723      104.000
2013-01-21/05:04:28       2      569.786      68.0000
2013-01-21/05:06:49       3      569.786      7.00000
2013-01-21/05:12:18       4      615.070      6.00000
2013-01-21/05:56:39       5      419.623      58.0000
2013-01-22/04:56:58       1      195.311      11.0000
2013-01-22/05:08:10       2      210.834      3.00000
2013-01-22/05:10:42       3      227.590      1.00000
2013-01-22/05:14:31       4      245.678     0.000000
2013-01-22/05:55:19       5      84.2137      9.00000
2013-01-23/04:57:38       1      901.551      24.0000
2013-01-23/05:08:01       2      663.954      8.00000
2013-01-23/05:11:10       3      716.723      4.00000
2013-01-23/05:17:51       4      716.723      3.00000
2013-01-23/05:57:19       5      286.282      6.00000
2013-01-24/05:01:49       1      227.590      5.00000
2013-01-24/05:12:11       2      195.311      3.00000
2013-01-24/05:15:00       3      195.311      1.00000
2013-01-24/05:19:29       4      227.590      1.00000
2013-01-24/05:57:29       5      309.034      1.00000
2013-01-25/05:05:50       1      180.932      19.0000
2013-01-25/05:16:09       2      155.270      30.0000
2013-01-26/05:10:31       1      716.723      1.00000
2013-01-26/05:18:30       2      663.954      1.00000
2013-01-26/05:21:50       3      663.954     0.000000
2013-01-26/05:25:52       4      663.954     0.000000
2013-01-26/06:14:50       5      835.175     0.000000
2013-01-27/05:10:12       1      195.311      26.0000
2013-01-27/05:22:11       2      265.204     0.000000
2013-01-27/05:24:20       3      245.678     0.000000
2013-01-27/05:28:49       4      265.204      1.00000
2013-01-28/05:17:21       1      123.438      4.00000
2013-01-28/05:26:28       2      143.838      3.00000
2013-01-28/05:27:20       3      143.838      1.00000
2013-01-28/05:32:50       4      167.611      75.0000
2013-01-29/05:19:19       1      360.108      5.00000
2013-01-29/05:27:29       2      286.282      5.00000
2013-01-29/05:31:18       3      309.034      1.00000
2013-01-29/05:34:59       4      333.595     0.000000
2013-01-29/06:30:39       5      333.595     0.000000
2013-01-30/05:20:10       1      286.282      70.0000
2013-01-30/05:28:00       2      286.282      56.0000
2013-01-30/05:32:17       3      333.595      87.0000
2013-01-30/05:37:51       4      388.728      20.0000
2013-01-30/06:45:11       5      309.034      60.0000
