# CCATi boundary location file: time bndnum yvalue zvalue
2013-11-01/09:07:01       1      167.611      2.00000
2013-11-01/09:25:18       2      227.590      1.00000
2013-11-01/09:29:11       3      245.678      1.00000
2013-11-01/09:34:40       4      72.2698      1.00000
2013-11-01/09:42:18       5      62.0198      7.00000
2013-11-01/10:33:38       6      133.248      4.00000
2013-11-02/09:11:38       1      309.034     0.000000
2013-11-02/09:26:10       2      360.108      1.00000
2013-11-02/09:47:36       5      123.438      8.00000
2013-11-02/10:26:08       6      123.438      5.00000
2013-11-03/09:08:00       1      245.678      10.0000
2013-11-03/09:24:21       2      265.204      2.00000
2013-11-03/09:49:40       5      72.2698      14.0000
2013-11-03/10:31:08       6      167.611      5.00000
2013-11-04/09:12:21       1      286.282      3.00000
2013-11-04/09:26:41       2      265.204      2.00000
2013-11-04/09:34:39       3      265.204      3.00000
2013-11-04/09:38:40       4      245.678      2.00000
2013-11-04/09:45:10       5      265.204      1.00000
2013-11-04/10:49:58       6      265.204      2.00000
2013-11-05/09:07:18       1      286.282      5.00000
2013-11-05/09:27:40       2      360.108     0.000000
2013-11-05/09:51:19       5      39.1969      1.00000
2013-11-05/10:35:16       6      78.0135      88.0000
2013-11-06/09:15:18       1      167.611      4.00000
2013-11-06/09:28:26       2      167.611      9.00000
2013-11-06/09:50:32       5      123.438      5.00000
2013-11-06/10:23:58       6      143.838      8.00000
2013-11-07/09:11:08       1      527.835     0.000000
2013-11-07/09:33:58       2      286.282      3.00000
2013-11-07/09:38:40       3      309.034      1.00000
2013-11-07/09:42:09       4      309.034      1.00000
2013-11-07/09:46:38       5      286.282      4.00000
2013-11-07/10:30:11       6      265.204      6.00000
2013-11-08/09:17:58       1      155.270      7.00000
2013-11-08/09:32:18       2      78.0135      41.0000
2013-11-08/09:51:51       5      155.270      4.00000
2013-11-08/10:26:29       6      210.834      8.00000
2013-11-09/09:13:08       1      167.611      23.0000
2013-11-09/09:31:29       2      167.611      8.00000
2013-11-09/09:39:28       3      195.311      3.00000
2013-11-09/09:47:18       4      210.834      1.00000
2013-11-09/09:56:40       5      245.678      3.00000
2013-11-09/10:34:48       6      527.835      2.00000
2013-11-11/09:07:21       1      180.932      8.00000
2013-11-11/09:35:41       2      245.678      1.00000
2013-11-11/09:39:58       3      245.678     0.000000
2013-11-11/09:44:27       4      265.204     0.000000
2013-11-11/09:51:38       5      286.282     0.000000
2013-11-11/10:22:59       6      388.728      2.00000
2013-11-12/09:12:22       1      309.034      1.00000
2013-11-12/09:35:01       2      286.282     0.000000
2013-11-12/09:39:58       3      286.282     0.000000
2013-11-12/09:42:47       4      286.282     0.000000
2013-11-12/09:48:08       5      286.282      1.00000
2013-11-12/10:24:42       6      195.311      17.0000
2013-11-13/09:12:51       1      210.834      3.00000
2013-11-13/09:25:51       2      105.931      11.0000
2013-11-13/09:51:10       5      105.931      4.00000
2013-11-13/10:16:29       6      180.932      8.00000
2013-11-14/09:08:40       1      143.838      8.00000
2013-11-14/09:22:08       2      143.838      19.0000
2013-11-14/09:36:56       3      210.834     0.000000
2013-11-14/09:42:38       4      265.204     0.000000
2013-11-14/09:47:59       5      286.282     0.000000
2013-11-14/10:18:11       6      333.595      2.00000
2013-11-15/09:04:10       1      53.2236      31.0000
2013-11-15/09:23:28       2      62.0198      13.0000
2013-11-15/09:55:49       5      105.931      1.00000
2013-11-15/10:24:49       6      180.932      10.0000
2013-11-16/09:01:25       1      195.311      27.0000
2013-11-16/09:29:50       2      114.350      4.00000
2013-11-16/09:36:11       3      98.1317      7.00000
2013-11-16/09:40:21       4      105.931      4.00000
2013-11-16/09:49:07       5      123.438      18.0000
2013-11-16/10:19:00       6      167.611      18.0000
2013-11-18/09:00:30       1      98.1317      38.0000
2013-11-18/09:21:48       2      98.1317      11.0000
2013-11-18/09:47:20       5      133.248      2.00000
2013-11-18/10:16:28       6      180.932      3.00000
2013-11-20/08:51:02       1      210.834      8.00000
2013-11-20/09:22:19       2      265.204      3.00000
2013-11-20/09:51:03       5      333.595     0.000000
2013-11-20/10:13:57       6      419.623      3.00000
2013-11-21/08:50:39       1      114.350      80.0000
2013-11-21/09:26:01       2      98.1317      7.00000
2013-11-21/10:11:23       6      973.203     0.000000
2013-11-22/08:22:21       1      105.931      29.0000
2013-11-22/09:19:50       2      66.9489      31.0000
2013-11-22/10:06:51       6      167.611      5.00000
2013-11-25/08:39:40       1      90.9067      56.0000
2013-11-25/09:21:20       2      84.2137      10.0000
2013-11-25/09:37:28       5      309.034      3.00000
2013-11-25/09:55:18       6      419.623      6.00000
2013-11-26/08:44:30       1      123.438      17.0000
2013-11-26/09:12:59       2      114.350      20.0000
2013-11-26/09:35:21       5      569.786     0.000000
2013-11-26/09:55:10       6      663.954      2.00000
2013-11-27/08:43:01       1      72.2698      154.000
2013-11-27/09:14:38       2      66.9489      5.00000
2013-11-27/09:30:39       5      57.4536      6.00000
2013-11-27/09:56:22       6      78.0135      13.0000
2013-11-28/09:03:48       2      62.0198      7.00000
2013-11-28/09:30:00       5      57.4536      17.0000
2013-11-28/09:47:49       6      105.931      21.0000
2013-11-29/08:15:41       1      245.678      2.00000
2013-11-29/09:06:40       2      195.311      2.00000
2013-11-29/09:28:39       5      105.931      1.00000
2013-11-29/09:47:36       6      123.438      10.0000
