# CCATi boundary location file: time bndnum yvalue zvalue
2011-12-01/08:08:05       1      210.834      13.0000
2011-12-01/08:15:12       2      180.932      8.00000
2011-12-01/08:18:48       3      167.611     0.000000
2011-12-01/08:25:30       4      155.270      2.00000
2011-12-01/09:13:40       5      419.623     0.000000
2011-12-02/08:10:50       1      452.973      300.000
2011-12-02/08:18:08       2      419.623      222.000
2011-12-02/08:20:49       3      452.973      52.0000
2011-12-02/08:28:11       4      488.974      41.0000
2011-12-04/08:13:01       1      84.2137      358.000
2011-12-04/08:22:08       2      84.2137      22.0000
2011-12-04/08:25:49       3      90.9067      7.00000
2011-12-04/08:32:39       4      98.1317      2.00000
2011-12-04/09:15:59       5      90.9067      2.00000
2011-12-05/08:15:08       1      143.838      152.000
2011-12-05/08:24:59       2      105.931      10.0000
2011-12-05/08:29:08       3      114.350     0.000000
2011-12-05/08:35:10       4      114.350      1.00000
2011-12-06/08:19:28       1      133.248      30.0000
2011-12-06/08:27:30       2      143.838      14.0000
2011-12-06/08:31:19       3      114.350      3.00000
2011-12-06/08:38:09       4      114.350      4.00000
2011-12-06/09:13:19       5      72.2698      6.00000
2011-12-07/08:25:03       1      388.728      504.000
2011-12-07/08:31:01       2      388.728      390.000
2011-12-07/08:34:21       3      360.108      89.0000
2011-12-07/08:39:51       4      388.728      60.0000
2011-12-07/09:54:48       5      488.974      65.0000
2011-12-08/08:23:09       1      155.270      10.0000
2011-12-08/08:34:00       2      143.838      11.0000
2011-12-08/08:38:01       3      180.932     0.000000
2011-12-08/08:42:18       4      180.932     0.000000
2011-12-08/09:56:42       5      114.350      4.00000
2011-12-09/08:26:01       1      180.932      294.000
2011-12-09/08:36:52       2      180.932      74.0000
2011-12-09/08:40:41       3      265.204      150.000
2011-12-09/08:45:19       4      265.204      134.000
2011-12-09/09:24:01       5      155.270      52.0000
2011-12-10/08:29:29       1      167.611      154.000
2011-12-10/08:41:12       2      155.270      4.00000
2011-12-10/08:42:40       3      155.270     0.000000
2011-12-10/08:47:50       4      155.270      2.00000
2011-12-10/09:41:00       5      245.678      3.00000
2011-12-12/08:27:20       1      419.623      90.0000
2011-12-12/08:39:39       2      309.034      83.0000
2011-12-12/08:43:12       3      309.034      127.000
2011-12-12/08:48:50       4      309.034      110.000
2011-12-13/08:27:00       1      488.974      4.00000
2011-12-13/08:38:08       2      360.108      1.00000
2011-12-13/08:40:20       3      57.4536      6.00000
2011-12-13/08:47:50       4      62.0198      2.00000
2011-12-14/08:25:50       1      210.834      57.0000
2011-12-14/08:36:00       2      180.932      11.0000
2011-12-14/08:40:42       3      180.932      22.0000
2011-12-14/08:46:19       4      180.932      75.0000
2011-12-15/08:25:06       1      167.611      147.000
2011-12-15/08:35:29       2      133.248      7.00000
2011-12-15/08:36:49       3      133.248      3.00000
2011-12-15/08:45:08       4      143.838      1.00000
2011-12-16/08:22:41       1      488.974      355.000
2011-12-16/08:31:28       2      488.974      299.000
2011-12-16/08:39:30       3      527.835      47.0000
2011-12-16/08:43:51       4      452.973      27.0000
2011-12-17/08:21:59       1      180.932      23.0000
2011-12-17/08:32:38       2      143.838      7.00000
2011-12-17/08:35:51       3      155.270      2.00000
2011-12-17/08:42:41       4      155.270     0.000000
2011-12-17/09:02:22       5      309.034     0.000000
2011-12-17/10:21:28       6      663.954     0.000000
2011-12-18/08:20:31       1      419.623      1.00000
2011-12-18/08:31:59       2      180.932      7.00000
2011-12-18/08:35:40       3      143.838      8.00000
2011-12-18/08:41:09       4      133.248      1.00000
2011-12-19/08:20:51       1      309.034      212.000
2011-12-19/08:31:58       2      309.034      123.000
2011-12-19/08:34:10       3      309.034      31.0000
2011-12-19/08:40:08       4      309.034      91.0000
2011-12-19/09:12:41       5      360.108      143.000
2011-12-19/10:08:21       6      286.282      71.0000
2011-12-20/08:16:28       1      265.204      6.00000
2011-12-20/08:31:08       2      227.590      5.00000
2011-12-20/08:34:41       3      227.590      1.00000
2011-12-20/08:38:10       4      195.311      3.00000
2011-12-20/08:49:41       5      195.311      4.00000
2011-12-20/10:05:39       6      569.786     0.000000
2011-12-21/08:18:38       1      452.973      167.000
2011-12-21/08:27:40       2      452.973      322.000
2011-12-21/08:32:30       3      569.786      14.0000
2011-12-21/08:36:51       4      527.835      39.0000
2011-12-21/08:49:38       5      488.974      25.0000
2011-12-21/10:02:18       6      569.786      490.000
2011-12-22/08:11:58       1      360.108      3.00000
2011-12-22/08:24:50       2      360.108      1.00000
2011-12-22/08:29:51       3      360.108     0.000000
2011-12-22/08:35:49       4      388.728     0.000000
2011-12-22/09:05:01       5      98.1317      4.00000
2011-12-22/09:50:06       6      114.350      3.00000
2011-12-23/08:15:50       1      527.835      977.000
2011-12-23/08:26:01       2      488.974      24.0000
2011-12-23/08:28:50       3      527.835      45.0000
2011-12-23/08:34:20       4      615.070      9.00000
2011-12-23/09:12:31       5      835.175     0.000000
2011-12-24/08:11:01       1      227.590      8.00000
2011-12-24/08:23:56       2      180.932      5.00000
2011-12-24/08:27:21       3      180.932      2.00000
2011-12-24/08:33:59       4      167.611     0.000000
2011-12-24/08:52:28       5      180.932      12.0000
2011-12-24/09:55:10       6      360.108      2.00000
2011-12-25/08:13:18       1      72.2698      221.000
2011-12-25/08:23:21       2      84.2137      18.0000
2011-12-25/08:26:42       3      84.2137      4.00000
2011-12-25/08:32:27       4      78.0135      1.00000
2011-12-25/08:46:39       5      180.932      5.00000
2011-12-25/09:49:49       6      286.282      2.00000
2011-12-26/08:05:40       1      227.590      27.0000
2011-12-26/08:21:08       2      286.282      162.000
2011-12-26/08:26:01       3      309.034      123.000
2011-12-26/08:32:11       4      360.108      60.0000
2011-12-28/07:59:18       1      286.282      172.000
2011-12-28/08:17:44       2      265.204      52.0000
2011-12-28/08:22:41       3      265.204      57.0000
2011-12-28/08:28:30       4      265.204      116.000
2011-12-28/08:49:28       5      195.311      10.0000
2011-12-28/09:32:00       6      309.034      28.0000
2011-12-29/08:02:58       1      309.034      7.00000
2011-12-29/08:17:58       2      333.595      3.00000
2011-12-29/08:22:03       3      333.595     0.000000
2011-12-29/08:27:09       4      333.595     0.000000
2011-12-29/08:39:00       5      569.786     0.000000
2011-12-29/09:29:18       6      488.974      1.00000
2011-12-30/07:59:20       1      388.728      177.000
2011-12-30/08:14:28       2      333.595      57.0000
2011-12-30/08:19:58       3      286.282      124.000
2011-12-30/08:26:31       4      265.204      108.000
2011-12-30/08:43:40       5      569.786      22.0000
2011-12-30/09:14:21       6      663.954      54.0000
