# CCATi boundary location file: time bndnum yvalue zvalue

2011-01-01/01:00:58       1      17795.2      5.00000
2011-01-01/01:51:01       2      11246.7      6.00000
2011-01-01/02:11:04       3      2012.30 4.76441e-044
2011-01-01/01:48:40       4      762.100  0.000258190
2011-01-01/01:09:16       5      773.685      1.00000
2011-01-01/01:15:59       6      835.175      28.0000
2011-01-02/00:49:00       1      105.931      20.0000
2011-01-02/01:53:19       2      569.786      3.00000
2011-01-02/02:31:10       5      309.034     0.000000
2011-01-02/02:41:01       6      245.678      10.0000
2011-01-03/01:01:10       1      569.786      81.0000
2011-01-03/01:55:18       2      419.623      15.0000
2011-01-03/02:30:29       5      195.311      71.0000
2011-01-03/02:41:40       6      360.108      176.000
2011-01-04/00:51:56       1      167.611      16.0000
2011-01-04/01:54:07       2      143.838      3.00000
2011-01-04/02:33:10       5      66.9489      21.0000
2011-01-04/02:45:50       6      98.1317      91.0000
2011-01-05/01:09:20       1      716.723      451.000
2011-01-05/02:09:50       2      488.974      12.0000
2011-01-05/02:31:40       5      452.973      13.0000
2011-01-05/02:45:08       6      419.623      1608.00
2011-01-06/00:53:01       1      245.678      7.00000
2011-01-06/01:59:29       2      84.2137      14.0000
2011-01-06/02:34:20       5      195.311     0.000000
2011-01-06/02:47:23       6      286.282      4.00000
2011-01-07/01:05:19       1      419.623      326.000
2011-01-07/02:08:26       2      143.838      3.00000
2011-01-07/02:37:18       5      419.623      30.0000
2011-01-07/02:49:50       6      419.623      99.0000
2011-01-08/01:10:11       1      143.838      7.00000
2011-01-08/02:26:57       2      72.2698      6.00000
2011-01-08/02:36:12       5      167.611     0.000000
2011-01-08/02:48:51       6      245.678      6.00000
2011-01-09/01:20:20       1      90.9067      227.000
2011-01-09/02:18:41       2      98.1317      4.00000
2011-01-09/02:36:50       5      84.2137      9.00000
2011-01-09/02:53:39       6      133.248      382.000
2011-01-10/01:24:01       1      569.786      155.000
2011-01-10/02:18:29       2      195.311      17.0000
2011-01-10/02:39:59       5      488.974      38.0000
2011-01-10/02:49:30       6      569.786      44.0000
2011-01-11/01:19:50       1      180.932      4.00000
2011-01-11/02:14:50       2      123.438      5.00000
2011-01-11/02:40:10       5      78.0135      30.0000
2011-01-11/02:55:58       6      123.438      133.000
2011-01-12/01:20:09       1      286.282      300.000
2011-01-12/02:23:51       2      309.034      62.0000
2011-01-12/02:40:20       5      527.835      109.000
2011-01-12/02:52:40       6      419.623      111.000
2011-01-13/01:19:50       1      143.838      6.00000
2011-01-13/02:23:40       2      333.595     0.000000
2011-01-13/02:39:33       5      22.9488      60.0000
2011-01-13/02:52:41       6      210.834      9.00000
2011-01-14/01:26:17       1      488.974      369.000
2011-01-14/02:10:38       2      167.611      124.000
2011-01-14/02:45:29       5      419.623      173.000
2011-01-14/02:55:40       6      388.728      190.000
2011-01-15/01:26:30       1      98.1317      28.0000
2011-01-15/02:22:38       2      49.3050      13.0000
2011-01-15/02:43:20       5      155.270      1.00000
2011-01-15/02:55:20       6      245.678      12.0000
2011-01-16/01:27:31       1      265.204      7.00000
2011-01-16/02:33:10       2      419.623      1.00000
2011-01-16/02:45:13       5      62.0198      23.0000
2011-01-16/02:59:01       6      114.350      2641.00
2011-01-17/01:32:08       1      227.590      127.000
2011-01-17/02:26:12       2      195.311      97.0000
2011-01-17/02:48:18       5      42.3121      116.000
2011-01-17/03:01:02       6      62.0198      179.000
2011-01-18/01:41:51       1      167.611      16.0000
2011-01-18/02:25:48       2      333.595     0.000000
2011-01-18/02:45:06       5      90.9067      1.00000
2011-01-18/02:58:29       6      123.438      16.0000
2011-01-19/01:39:38       1      143.838      15.0000
2011-01-19/02:24:59       2      105.931      3.00000
2011-01-19/02:48:10       5      143.838      2.00000
2011-01-19/03:03:50       6      210.834      10.0000
2011-01-20/01:46:19       1      419.623      1.00000
2011-01-20/02:35:09       2      114.350      12.0000
2011-01-20/02:49:01       5      143.838      5.00000
2011-01-20/03:00:12       6      167.611      22.0000
2011-01-21/01:29:54       1      180.932      165.000
2011-01-21/02:36:53       2      245.678      122.000
2011-01-21/02:40:50       3      72.2698      4.00000
2011-01-21/02:47:08       4      72.2698      9.00000
2011-01-21/02:50:49       5      143.838      12.0000
2011-01-21/02:59:39       6      114.350      81.0000
2011-01-22/01:52:40       1      105.931      18.0000
2011-01-22/02:28:19       2      72.2698      4.00000
2011-01-22/02:50:09       5      22.9488      76.0000
2011-01-22/03:03:16       6      39.1969      89.0000
2011-01-23/01:41:00       1      227.590      1.00000
2011-01-23/02:34:20       2      488.974     0.000000
2011-01-23/02:53:01       5      72.2698      15.0000
2011-01-23/03:06:00       6      133.248      16.0000
2011-01-24/01:53:59       1      309.034      67.0000
2011-01-24/02:36:59       2      360.108      57.0000
2011-01-24/02:53:00       5      773.685      5.00000
2011-01-24/03:09:09       6      835.175      11.0000
2011-01-25/01:53:49       1      488.974      4.00000
2011-01-25/02:30:48       2      180.932      3.00000
2011-01-25/02:52:50       5      245.678      2.00000
2011-01-25/03:10:19       6      527.835      4.00000
2011-01-26/01:58:02       1      245.678      145.000
2011-01-26/02:39:38       2      527.835      26.0000
2011-01-26/02:43:39       3      419.623      6.00000
2011-01-26/02:52:18       4      309.034      16.0000
2011-01-26/02:55:47       5      309.034      131.000
2011-01-26/03:08:18       6      419.623      235.000
2011-01-27/01:54:39       1      123.438      176.000
2011-01-27/02:41:49       2      66.9489      4.00000
2011-01-27/02:54:49       5      615.070     0.000000
2011-01-27/03:12:18       6      569.786      2.00000
2011-01-28/01:57:19       1      33.6376      249.000
2011-01-28/02:42:41       2      33.6376      37.0000
2011-01-28/02:45:42       3      36.3110      28.0000
2011-01-28/02:55:28       4      39.1969      14.0000
2011-01-28/02:58:01       5      123.438      13.0000
2011-01-28/03:14:29       6      105.931      28.0000
2011-01-29/02:01:41       1      210.834     0.000000
2011-01-29/02:42:01       2      210.834      1.00000
2011-01-29/02:44:41       3      66.9489      15.0000
2011-01-29/02:55:00       4      72.2698      4.00000
2011-01-29/02:58:01       5      78.0135      12.0000
2011-01-29/03:09:00       6      123.438      21.0000
2011-01-30/01:54:11       1      33.6376      96.0000
2011-01-30/02:38:41       2      26.7415      66.0000
2011-01-30/02:57:22       5      286.282      4.00000
2011-01-30/03:20:08       6      835.175     0.000000