# CCATi boundary location file: time bndnum yvalue zvalue
2011-07-01/01:31:50       1      419.623      110.000
2011-07-01/02:12:58       2      57.4536      7.00000
2011-07-01/02:54:30       5      527.835      58.0000
2011-07-01/03:04:41       6      419.623      206.000
2011-07-02/01:19:51       1      167.611      4.00000
2011-07-02/02:24:10       2      227.590      6.00000
2011-07-02/02:58:40       5      180.932      7.00000
2011-07-02/03:15:09       6      195.311      65.0000
2011-07-03/01:40:41       1      569.786      292.000
2011-07-03/02:22:20       2      143.838      9.00000
2011-07-03/02:51:20       3      210.834      32.0000
2011-07-03/02:54:29       4      195.311     0.000000
2011-07-03/03:03:40       5      210.834      14.0000
2011-07-03/03:13:39       6      167.611      40.0000
2011-07-04/01:33:48       1      180.932      6.00000
2011-07-04/02:30:20       2      62.0198      15.0000
2011-07-04/02:52:38       3      245.678      1.00000
2011-07-04/02:57:40       4      227.590      1.00000
2011-07-04/03:02:13       5      210.834      3.00000
2011-07-04/03:15:09       6      245.678      36.0000
2011-07-05/01:31:18       1      527.835      139.000
2011-07-05/02:31:32       2      333.595      9.00000
2011-07-05/03:04:13       5      360.108      65.0000
2011-07-05/03:14:28       6      309.034      69.0000
2011-07-06/01:40:51       1      210.834      4.00000
2011-07-06/02:29:49       2      114.350      9.00000
2011-07-06/03:05:10       5      488.974     0.000000
2011-07-06/03:14:41       6      360.108      26.0000
2011-07-07/01:40:01       1      36.3110      162.000
2011-07-07/02:31:31       2      33.6376      28.0000
2011-07-07/03:08:10       5      180.932      4.00000
2011-07-07/03:17:00       6      114.350      38.0000
2011-07-08/01:28:08       1      615.070     0.000000
2011-07-08/02:33:59       2      527.835      1.00000
2011-07-08/03:10:29       5      265.204      3.00000
2011-07-08/03:21:08       6      210.834      18.0000
2011-07-09/01:46:38       1      452.973      294.000
2011-07-09/02:32:11       2      180.932      23.0000
2011-07-09/03:13:38       5      663.954      25.0000
2011-07-09/03:22:21       6      452.973      174.000
2011-07-10/01:31:01       1      615.070      176.000
2011-07-10/02:37:11       2      265.204      7.00000
2011-07-10/03:14:38       5      360.108      87.0000
2011-07-10/03:22:00       6      309.034      86.0000
2011-07-11/03:16:29       5      155.270     0.000000
2011-07-11/03:23:59       6      180.932      8.00000
2011-07-12/01:22:20       1      569.786      227.000
2011-07-12/02:32:20       2      488.974      52.0000
2011-07-12/03:15:20       5      309.034      15.0000
2011-07-12/03:31:21       6      360.108      115.000
2011-07-13/01:33:08       1      180.932      4.00000
2011-07-13/02:35:18       2      49.3050      26.0000
2011-07-13/03:20:18       5      309.034     0.000000
2011-07-13/03:31:58       6      488.974      3.00000
2011-07-14/01:32:29       1      286.282     0.000000
2011-07-14/02:32:49       2      114.350      5.00000
2011-07-14/03:25:00       5      452.973      96.0000
2011-07-14/03:32:19       6      360.108      61.0000
2011-07-15/01:33:39       1      210.834      9.00000
2011-07-15/02:34:49       2      123.438      9.00000
2011-07-15/03:25:59       5      227.590      30.0000
2011-07-15/03:35:38       6      227.590      7.00000
2011-07-16/01:35:38       1      333.595      200.000
2011-07-16/02:39:39       2      105.931      6.00000
2011-07-16/03:27:29       5      452.973      129.000
2011-07-16/03:36:28       6      360.108      65.0000
2011-07-18/01:48:18       1      286.282      97.0000
2011-07-18/02:45:38       2      245.678      72.0000
2011-07-18/03:31:59       5      245.678      5.00000
2011-07-18/03:40:38       6      309.034      57.0000
2011-07-19/01:41:00       1      245.678      7.00000
2011-07-19/02:47:19       2      309.034      3.00000
2011-07-19/03:32:28       5      155.270      16.0000
2011-07-19/03:41:59       6      245.678      5.00000
2011-07-20/01:45:20       1      569.786      265.000
2011-07-20/02:48:51       2      245.678      7.00000
2011-07-20/03:34:28       5      360.108      133.000
2011-07-20/03:43:58       6      452.973      160.000
2011-07-21/01:49:20       1      265.204      9.00000
2011-07-21/02:53:41       2      155.270      4.00000
2011-07-21/03:37:06       5      195.311     0.000000
2011-07-21/03:47:48       6      210.834      2.00000
2011-07-22/02:05:59       1      615.070      140.000
2011-07-22/02:51:19       2      210.834      12.0000
2011-07-22/03:38:28       5      527.835      126.000
2011-07-22/03:49:28       6      663.954      17.0000
2011-07-23/02:02:00       1      98.1317      11.0000
2011-07-23/02:46:16       2      53.2236      31.0000
2011-07-23/03:40:51       5      360.108      1.00000
2011-07-23/03:50:30       6      309.034      1.00000
2011-07-24/02:48:06       2      210.834      11.0000
2011-07-24/03:44:09       5      360.108      18.0000
2011-07-24/03:51:51       6      388.728      32.0000
2011-07-25/01:51:28       1      98.1317      3.00000
2011-07-25/02:43:58       2      39.1969      40.0000
2011-07-25/03:44:28       5      452.973     0.000000
2011-07-25/03:52:38       6      360.108      5.00000
2011-07-26/03:50:18       5      195.311      1.00000
2011-07-26/03:56:28       6      143.838      4.00000
2011-07-27/02:00:49       1      245.678      4.00000
2011-07-27/02:55:28       2      195.311     0.000000
2011-07-27/03:50:00       5      360.108     0.000000
2011-07-27/03:57:30       6      309.034      4.00000
2011-07-28/02:03:40       1      360.108      953.000
2011-07-28/02:58:07       2      57.4536      6.00000
2011-07-28/03:50:31       5      227.590      11.0000
2011-07-28/03:59:53       6      245.678      118.000
2011-07-29/02:01:41       1      72.2698      37.0000
2011-07-29/03:03:18       2      26.7415      38.0000
2011-07-29/03:51:40       5      210.834      5.00000
2011-07-29/04:00:18       6      245.678      53.0000
2011-07-30/02:12:53       1      527.835      43.0000
2011-07-30/03:06:08       2      419.623      12.0000
2011-07-30/03:54:10       5      419.623      144.000
2011-07-30/04:01:11       6      527.835      168.000
